,Date,Confirmed,Deaths,Recovered,Active,New cases,New deaths,New recovered,Population,Susceptiple,Log susceptiple,Decresed susceptiple
8,2020-01-30,1,0,0,1,1,0,0,1377233523,1377233522,21.04334262982367,0
9,2020-01-31,1,0,0,1,0,0,0,1377233523,1377233522,21.04334262982367,0
10,2020-02-01,1,0,0,1,0,0,0,1377233523,1377233522,21.04334262982367,0
11,2020-02-02,2,0,0,2,1,0,0,1377233523,1377233521,21.043342629097577,1
12,2020-02-03,3,0,0,3,1,0,0,1377233523,1377233520,21.043342628371484,1
13,2020-02-04,3,0,0,3,0,0,0,1377233523,1377233520,21.043342628371484,0
14,2020-02-05,3,0,0,3,0,0,0,1377233523,1377233520,21.043342628371484,0
15,2020-02-06,3,0,0,3,0,0,0,1377233523,1377233520,21.043342628371484,0
16,2020-02-07,3,0,0,3,0,0,0,1377233523,1377233520,21.043342628371484,0
17,2020-02-08,3,0,0,3,0,0,0,1377233523,1377233520,21.043342628371484,0
18,2020-02-09,3,0,0,3,0,0,0,1377233523,1377233520,21.043342628371484,0
19,2020-02-10,3,0,0,3,0,0,0,1377233523,1377233520,21.043342628371484,0
20,2020-02-11,3,0,0,3,0,0,0,1377233523,1377233520,21.043342628371484,0
21,2020-02-12,3,0,0,3,0,0,0,1377233523,1377233520,21.043342628371484,0
22,2020-02-13,3,0,0,3,0,0,0,1377233523,1377233520,21.043342628371484,0
23,2020-02-14,3,0,0,3,0,0,0,1377233523,1377233520,21.043342628371484,0
24,2020-02-15,3,0,0,3,0,0,0,1377233523,1377233520,21.043342628371484,0
25,2020-02-16,3,0,3,0,0,0,3,1377233523,1377233520,21.043342628371484,0
26,2020-02-17,3,0,3,0,0,0,0,1377233523,1377233520,21.043342628371484,0
27,2020-02-18,3,0,3,0,0,0,0,1377233523,1377233520,21.043342628371484,0
28,2020-02-19,3,0,3,0,0,0,0,1377233523,1377233520,21.043342628371484,0
29,2020-02-20,3,0,3,0,0,0,0,1377233523,1377233520,21.043342628371484,0
30,2020-02-21,3,0,3,0,0,0,0,1377233523,1377233520,21.043342628371484,0
31,2020-02-22,3,0,3,0,0,0,0,1377233523,1377233520,21.043342628371484,0
32,2020-02-23,3,0,3,0,0,0,0,1377233523,1377233520,21.043342628371484,0
33,2020-02-24,3,0,3,0,0,0,0,1377233523,1377233520,21.043342628371484,0
34,2020-02-25,3,0,3,0,0,0,0,1377233523,1377233520,21.043342628371484,0
35,2020-02-26,3,0,3,0,0,0,0,1377233523,1377233520,21.043342628371484,0
36,2020-02-27,3,0,3,0,0,0,0,1377233523,1377233520,21.043342628371484,0
37,2020-02-28,3,0,3,0,0,0,0,1377233523,1377233520,21.043342628371484,0
38,2020-02-29,3,0,3,0,0,0,0,1377233523,1377233520,21.043342628371484,0
39,2020-03-01,3,0,3,0,0,0,0,1377233523,1377233520,21.043342628371484,0
40,2020-03-02,5,0,3,2,2,0,0,1377233523,1377233518,21.043342626919298,2
41,2020-03-03,5,0,3,2,0,0,0,1377233523,1377233518,21.043342626919298,0
42,2020-03-04,28,0,3,25,23,0,0,1377233523,1377233495,21.043342610219153,23
43,2020-03-05,30,0,3,27,2,0,0,1377233523,1377233493,21.043342608766967,2
44,2020-03-06,31,0,3,28,1,0,0,1377233523,1377233492,21.043342608040874,1
45,2020-03-07,34,0,3,31,3,0,0,1377233523,1377233489,21.04334260586259,3
46,2020-03-08,39,0,3,36,5,0,0,1377233523,1377233484,21.043342602232126,5
47,2020-03-09,43,0,3,40,4,0,0,1377233523,1377233480,21.04334259932775,4
48,2020-03-10,56,0,4,52,13,0,1,1377233523,1377233467,21.04334258988854,13
49,2020-03-11,62,1,4,57,6,1,0,1377233523,1377233461,21.04334258553198,6
50,2020-03-12,73,1,4,68,11,0,0,1377233523,1377233450,21.043342577544955,11
51,2020-03-13,82,2,4,76,9,1,0,1377233523,1377233441,21.043342571010115,9
52,2020-03-14,102,2,4,96,20,0,0,1377233523,1377233421,21.04334255648825,20
53,2020-03-15,113,2,13,98,11,0,9,1377233523,1377233410,21.04334254850122,11
54,2020-03-16,119,2,13,104,6,0,0,1377233523,1377233404,21.04334254414466,6
55,2020-03-17,142,3,14,125,23,1,1,1377233523,1377233381,21.043342527444512,23
56,2020-03-18,156,3,14,139,14,0,0,1377233523,1377233367,21.043342517279207,14
57,2020-03-19,194,4,15,175,38,1,1,1377233523,1377233329,21.04334248968766,38
58,2020-03-20,244,5,20,219,50,1,5,1377233523,1377233279,21.04334245338299,50
59,2020-03-21,330,4,23,303,86,-1,3,1377233523,1377233193,21.043342390938953,86
60,2020-03-22,396,7,27,362,66,3,4,1377233523,1377233127,21.043342343016786,66
61,2020-03-23,499,10,27,462,103,3,0,1377233523,1377233024,21.043342268229154,103
62,2020-03-24,536,10,40,486,37,0,13,1377233523,1377232987,21.043342241363693,37
63,2020-03-25,657,12,43,602,121,2,3,1377233523,1377232866,21.04334215350637,121
64,2020-03-26,727,20,45,662,70,8,2,1377233523,1377232796,21.043342102679812,70
65,2020-03-27,887,20,73,794,160,0,28,1377233523,1377232636,21.04334198650482,160
66,2020-03-28,987,24,84,879,100,4,11,1377233523,1377232536,21.043341913895443,100
67,2020-03-29,1024,27,95,902,37,3,11,1377233523,1377232499,21.043341887029975,37
68,2020-03-30,1251,32,102,1117,227,5,7,1377233523,1377232272,21.043341722206662,227
69,2020-03-31,1397,35,123,1239,146,3,21,1377233523,1377232126,21.043341616196944,146
70,2020-04-01,1998,58,148,1792,601,23,25,1377233523,1377231525,21.043341179814348,601
71,2020-04-02,2543,72,191,2280,545,14,43,1377233523,1377230980,21.04334078409286,545
72,2020-04-03,2567,72,192,2303,24,0,1,1377233523,1377230956,21.04334076666659,24
73,2020-04-04,3082,86,229,2767,515,14,37,1377233523,1377230441,21.043340392727785,515
74,2020-04-05,3588,99,229,3260,506,13,0,1377233523,1377229935,21.043340025323698,506
75,2020-04-06,4778,136,375,4267,1190,37,146,1377233523,1377228745,21.043339161270076,1190
76,2020-04-07,5311,150,421,4740,533,14,46,1377233523,1377228212,21.043338774260942,533
77,2020-04-08,5916,178,506,5232,605,28,85,1377233523,1377227607,21.04333833497272,605
78,2020-04-09,6725,226,620,5879,809,48,114,1377233523,1377226798,21.043337747560564,809
79,2020-04-10,7598,246,774,6578,873,20,154,1377233523,1377225925,21.043337113677836,873
80,2020-04-11,8446,288,969,7189,848,42,195,1377233523,1377225077,21.043336497947152,848
81,2020-04-12,9205,331,1080,7794,759,43,111,1377233523,1377224318,21.043335946838827,759
82,2020-04-13,10453,358,1181,8914,1248,27,101,1377233523,1377223070,21.04333504066795,1248
83,2020-04-14,11487,393,1359,9735,1034,35,178,1377233523,1377222036,21.043334289881525,1034
84,2020-04-15,12322,405,1432,10485,835,12,73,1377233523,1377221201,21.043333683588397,835
85,2020-04-16,13430,448,1768,11214,1108,43,336,1377233523,1377220093,21.043332879069528,1108
86,2020-04-17,14352,486,2041,11825,922,38,273,1377233523,1377219171,21.043332209604774,922
87,2020-04-18,15722,521,2463,12738,1370,35,422,1377233523,1377217801,21.043331214846127,1370
88,2020-04-19,17615,559,2854,14202,1893,38,391,1377233523,1377215908,21.04332984033492,1893
89,2020-04-20,18539,592,3273,14674,924,33,419,1377233523,1377214984,21.043329169415927,924
90,2020-04-21,20080,645,3975,15460,1541,53,702,1377233523,1377213443,21.0433280504905,1541
91,2020-04-22,21370,681,4370,16319,1290,36,395,1377233523,1377212153,21.04332711381608,1290
92,2020-04-23,23077,721,5012,17344,1707,40,642,1377233523,1377210446,21.04332587435486,1707
93,2020-04-24,24530,780,5498,18252,1453,59,486,1377233523,1377208993,21.043324819323093,1453
94,2020-04-25,26283,825,5939,19519,1753,45,441,1377233523,1377207240,21.0433235464581,1753
95,2020-04-26,27890,881,6523,20486,1607,56,584,1377233523,1377205633,21.043322379603257,1607
96,2020-04-27,29451,939,7137,21375,1561,58,614,1377233523,1377204072,21.04332124614806,1561
97,2020-04-28,31324,1008,7747,22569,1873,69,610,1377233523,1377202199,21.043319886145348,1873
98,2020-04-29,33062,1079,8437,23546,1738,71,690,1377233523,1377200461,21.043318624165735,1738
99,2020-04-30,34863,1154,9068,24641,1801,75,631,1377233523,1377198660,21.043317316439495,1801
100,2020-05-01,37257,1223,10007,26027,2394,69,939,1377233523,1377196266,21.04331557812668,2394
101,2020-05-02,39699,1323,10819,27557,2442,100,812,1377233523,1377193824,21.04331380495736,2442
102,2020-05-03,42505,1391,11775,29339,2806,68,956,1377233523,1377191018,21.043311767478823,2806
103,2020-05-04,46437,1566,12847,32024,3932,175,1072,1377233523,1377187086,21.043308912387875,3932
104,2020-05-05,49400,1693,14142,33565,2963,127,1295,1377233523,1377184123,21.04330676089864,2963
105,2020-05-06,52987,1785,15331,35871,3587,92,1189,1377233523,1377180536,21.043304156305243,3587
106,2020-05-07,56351,1889,16776,37686,3364,104,1445,1377233523,1377177172,21.043301713630505,3364
107,2020-05-08,59695,1985,17887,39823,3344,96,1111,1377233523,1377173828,21.04329928547229,3344
108,2020-05-09,62808,2101,19301,41406,3113,116,1414,1377233523,1377170715,21.043297025043394,3113
109,2020-05-10,67161,2212,20969,43980,4353,111,1668,1377233523,1377166362,21.04329386421022,4353
110,2020-05-11,70768,2294,22549,45925,3607,82,1580,1377233523,1377162755,21.043291245060622,3607
111,2020-05-12,74292,2415,24420,47457,3524,121,1871,1377233523,1377159231,21.04328868617316,3524
112,2020-05-13,78055,2551,26400,49104,3763,136,1980,1377233523,1377155468,21.043285953733037,3763
113,2020-05-14,81997,2649,27969,51379,3942,98,1569,1377233523,1377151526,21.043283091307018,3942
114,2020-05-15,85784,2753,30258,52773,3787,104,2289,1377233523,1377147739,21.043280341424282,3787
115,2020-05-16,90648,2871,34224,53553,4864,118,3966,1377233523,1377142875,21.043276809480357,4864
116,2020-05-17,95698,3025,36795,55878,5050,154,2571,1377233523,1377137825,21.04327314246123,5050
117,2020-05-18,100328,3156,39233,57939,4630,131,2438,1377233523,1377133195,21.0432697804101,4630
118,2020-05-19,106475,3302,42309,60864,6147,146,3076,1377233523,1377127048,21.04326531677961,6147
119,2020-05-20,112028,3434,45422,63172,5553,132,3113,1377233523,1377121495,21.04326128446378,5553
120,2020-05-21,118226,3584,48553,66089,6198,150,3131,1377233523,1377115297,21.043256783761432,6198
121,2020-05-22,124794,3726,51824,69244,6568,142,3271,1377233523,1377108729,21.043252014360004,6568
122,2020-05-23,131423,3868,54385,73170,6629,142,2561,1377233523,1377102100,21.043247200639914,6629
123,2020-05-24,138536,4024,57692,76820,7113,156,3307,1377233523,1377094987,21.043242035432215,7113
124,2020-05-25,144950,4172,60706,80072,6414,148,3014,1377233523,1377088573,21.043237377790586,6414
125,2020-05-26,150793,4344,64277,82172,5843,172,3571,1377233523,1377082730,21.04323313477201,5843
126,2020-05-27,158086,4534,67749,85803,7293,190,3472,1377233523,1377075437,21.04322783877987,7293
127,2020-05-28,165386,4711,70920,89755,7300,177,3171,1377233523,1377068137,21.043222537676424,7300
128,2020-05-29,173491,4980,82627,85884,8105,269,11707,1377233523,1377060032,21.043216651966315,8105
129,2020-05-30,181827,5185,86936,89706,8336,205,4309,1377233523,1377051696,21.043210598471887,8336
130,2020-05-31,190609,5408,91852,93349,8782,223,4916,1377233523,1377042914,21.043204221058442,8782
131,2020-06-01,198370,5608,95754,97008,7761,200,3902,1377233523,1377035153,21.043198585052625,7761
132,2020-06-02,207191,5829,100285,101077,8821,221,4531,1377233523,1377026332,21.043192179240666,8821
133,2020-06-03,216824,6088,104071,106665,9633,259,3786,1377233523,1377016699,21.04318518370727,9633
134,2020-06-04,226713,6363,108450,111900,9889,275,4379,1377233523,1377006810,21.043178002214468,9889
135,2020-06-05,236184,6649,113233,116302,9471,286,4783,1377233523,1376997339,21.04317112422919,9471
136,2020-06-06,246622,6946,118695,120981,10438,297,5462,1377233523,1376986901,21.043163543938896,10438
137,2020-06-07,257486,7207,123848,126431,10864,261,5153,1377233523,1376976037,21.043155654217614,10864
138,2020-06-08,265928,7473,129095,129360,8442,266,5247,1377233523,1376967595,21.043149523373177,8442
139,2020-06-09,276146,7750,134670,133726,10218,277,5575,1377233523,1376957377,21.04314210269171,10218
140,2020-06-10,286605,8102,135206,143297,10459,352,536,1377233523,1376946918,21.04313450693029,10459
141,2020-06-11,297535,8498,147195,141842,10930,396,11989,1377233523,1376935988,21.0431265690474,10930
142,2020-06-12,308993,8884,154330,145779,11458,386,7135,1377233523,1376924530,21.04311824763829,11458
143,2020-06-13,320922,9195,162379,149348,11929,311,8049,1377233523,1376912601,21.043109584090352,11929
144,2020-06-14,332424,9520,169798,153106,11502,325,7419,1377233523,1376901099,21.043101230584085,11502
145,2020-06-15,343091,9900,180013,153178,10667,380,10215,1377233523,1376890432,21.04309348344718,10667
146,2020-06-16,354065,11903,186935,155227,10974,2003,6922,1377233523,1376879458,21.04308551328232,10974
147,2020-06-17,366946,12237,194325,160384,12881,334,7390,1377233523,1376866577,21.043076158026,12881
148,2020-06-18,380532,12573,204711,163248,13586,336,10386,1377233523,1376852991,21.043066290645054,13586
149,2020-06-19,395048,12948,213831,168269,14516,375,9120,1377233523,1376838475,21.04305574770647,14516
150,2020-06-20,410451,13254,227728,169469,15403,306,13897,1377233523,1376823072,21.043044560420206,15403
151,2020-06-21,425282,13699,237196,174387,14831,445,9468,1377233523,1376808241,21.043033788462516,14831
152,2020-06-22,440215,14011,248190,178014,14933,312,10994,1377233523,1376793308,21.043022942303597,14933
153,2020-06-23,456183,14476,258685,183022,15968,465,10495,1377233523,1376777340,21.043011344271775,15968
154,2020-06-24,473105,14894,271697,186514,16922,418,13012,1377233523,1376760418,21.042999053174658,16922
155,2020-06-25,490401,15301,285637,189463,17296,407,13940,1377233523,1376743122,21.042986490270888,17296
156,2020-06-26,508953,15685,295881,197387,18552,384,10244,1377233523,1376724570,21.04297301489941,18552
157,2020-06-27,528859,16095,309713,203051,19906,410,13832,1377233523,1376704664,21.042958555838865,19906
158,2020-06-28,548318,16475,321723,210120,19459,380,12010,1377233523,1376685205,21.04294442126227,19459
159,2020-06-29,566840,16893,334822,215125,18522,418,13099,1377233523,1376666683,21.042930967115648,18522
160,2020-06-30,585481,17400,347912,220169,18641,507,13090,1377233523,1376648042,21.04291742634617,18641
161,2020-07-01,604641,17834,359860,226947,19160,434,11948,1377233523,1376628882,21.04290350838548,19160
162,2020-07-02,625544,18213,379892,227439,20903,379,20032,1377233523,1376607979,21.042888324076202,20903
163,2020-07-03,648315,18655,394227,235433,22771,442,14335,1377233523,1376585208,21.042871782556265,22771
164,2020-07-04,673165,19268,409083,244814,24850,613,14856,1377233523,1376560358,21.04285373047772,24850
165,2020-07-05,697413,19693,424433,253287,24248,425,15350,1377233523,1376536110,21.042836115403,24248
166,2020-07-06,719664,20159,439934,259571,22251,466,15501,1377233523,1376513859,21.04281995078539,22251
167,2020-07-07,742417,20642,456831,264944,22753,483,16897,1377233523,1376491106,21.042803421211133,22753
168,2020-07-08,767296,21129,476378,269789,24879,487,19547,1377233523,1376466227,21.042785346830026,24879
169,2020-07-09,793802,21604,495513,276685,26506,475,19135,1377233523,1376439721,21.042766090087877,26506
170,2020-07-10,820916,22123,515386,283407,27114,519,19873,1377233523,1376412607,21.04274639124699,27114
171,2020-07-11,849522,22673,534618,292231,28606,550,19232,1377233523,1376384001,21.042725608018824,28606
172,2020-07-12,878254,23174,553471,301609,28732,501,18853,1377233523,1376355269,21.042704732812577,28732
173,2020-07-13,906752,23727,571460,311565,28498,553,17989,1377233523,1376326771,21.042684027188326,28498
174,2020-07-14,936181,24309,592032,319840,29429,582,20572,1377233523,1376297342,21.04266264468291,29429
175,2020-07-15,968857,24914,612768,331175,32676,605,20736,1377233523,1376264666,21.04263890243848,32676
176,2020-07-16,1003832,25602,635757,342473,34975,688,22989,1377233523,1376229691,21.042613489125706,34975
177,2020-07-17,1039084,26273,653751,359060,35252,671,17994,1377233523,1376194439,21.042587873887403,35252
178,2020-07-18,1077781,26816,677423,373542,38697,543,23672,1377233523,1376155742,21.042559754645694,38697
