,Date,Confirmed,Deaths,Recovered,Active,New cases,New deaths,New recovered,Population,Susceptiple,Log susceptiple,Decresed susceptiple
9,2020-01-31,2,0,0,2,2,0,0,60479424,60479422,17.91781373291158,0
10,2020-02-01,2,0,0,2,0,0,0,60479424,60479422,17.91781373291158,0
11,2020-02-02,2,0,0,2,0,0,0,60479424,60479422,17.91781373291158,0
12,2020-02-03,2,0,0,2,0,0,0,60479424,60479422,17.91781373291158,0
13,2020-02-04,2,0,0,2,0,0,0,60479424,60479422,17.91781373291158,0
14,2020-02-05,2,0,0,2,0,0,0,60479424,60479422,17.91781373291158,0
15,2020-02-06,2,0,0,2,0,0,0,60479424,60479422,17.91781373291158,0
16,2020-02-07,3,0,0,3,1,0,0,60479424,60479421,17.91781371637703,1
17,2020-02-08,3,0,0,3,0,0,0,60479424,60479421,17.91781371637703,0
18,2020-02-09,3,0,0,3,0,0,0,60479424,60479421,17.91781371637703,0
19,2020-02-10,3,0,0,3,0,0,0,60479424,60479421,17.91781371637703,0
20,2020-02-11,3,0,0,3,0,0,0,60479424,60479421,17.91781371637703,0
21,2020-02-12,3,0,0,3,0,0,0,60479424,60479421,17.91781371637703,0
22,2020-02-13,3,0,0,3,0,0,0,60479424,60479421,17.91781371637703,0
23,2020-02-14,3,0,0,3,0,0,0,60479424,60479421,17.91781371637703,0
24,2020-02-15,3,0,0,3,0,0,0,60479424,60479421,17.91781371637703,0
25,2020-02-16,3,0,0,3,0,0,0,60479424,60479421,17.91781371637703,0
26,2020-02-17,3,0,0,3,0,0,0,60479424,60479421,17.91781371637703,0
27,2020-02-18,3,0,0,3,0,0,0,60479424,60479421,17.91781371637703,0
28,2020-02-19,3,0,0,3,0,0,0,60479424,60479421,17.91781371637703,0
29,2020-02-20,3,0,0,3,0,0,0,60479424,60479421,17.91781371637703,0
30,2020-02-21,20,1,0,19,17,1,0,60479424,60479404,17.91781343528964,17
31,2020-02-22,62,2,1,59,42,1,1,60479424,60479362,17.917812740838112,42
32,2020-02-23,155,3,2,150,93,1,1,60479424,60479269,17.917811203122294,93
33,2020-02-24,229,7,1,221,74,4,-1,60479424,60479195,17.917809979561785,74
34,2020-02-25,322,10,1,311,93,3,0,60479424,60479102,17.91780844184172,93
35,2020-02-26,453,12,3,438,131,2,2,60479424,60478971,17.917806275801926,131
36,2020-02-27,655,17,45,593,202,5,42,60479424,60478769,17.91780293579243,202
37,2020-02-28,888,21,46,821,233,4,1,60479424,60478536,17.917799083193366,233
38,2020-02-29,1128,29,46,1053,240,8,0,60479424,60478296,17.917795114835464,240
39,2020-03-01,1694,34,83,1577,566,5,37,60479424,60477730,17.917785756062386,566
40,2020-03-02,2036,52,149,1835,342,18,66,60479424,60477388,17.917780101072243,342
41,2020-03-03,2502,79,160,2263,466,27,11,60479424,60476922,17.917772395683322,466
42,2020-03-04,3089,107,276,2706,587,28,116,60479424,60476335,17.917762689454413,587
43,2020-03-05,3858,148,414,3296,769,41,138,60479424,60475566,17.917749973655923,769
44,2020-03-06,4636,197,523,3916,778,49,109,60479424,60474788,17.917737108873403,778
45,2020-03-07,5883,233,589,5061,1247,36,66,60479424,60473541,17.91771648849757,1247
46,2020-03-08,7375,366,622,6387,1492,133,33,60479424,60472049,17.917691816246187,1492
47,2020-03-09,9172,463,724,7985,1797,97,102,60479424,60470252,17.917662099596427,1797
48,2020-03-10,10149,631,724,8794,977,168,0,60479424,60469275,17.917645942761283,977
49,2020-03-11,12462,827,1045,10590,2313,196,321,60479424,60466962,17.91760769119901,2313
50,2020-03-12,15113,1016,1045,13052,2651,189,0,60479424,60464311,17.917563848114675,2651
51,2020-03-13,17660,1266,1439,14955,2547,250,394,60479424,60461764,17.917521723204885,2547
52,2020-03-14,21157,1441,1966,17750,3497,175,527,60479424,60458267,17.917463883325553,3497
53,2020-03-15,24747,1809,2335,20603,3590,368,369,60479424,60454677,17.91740450175924,3590
54,2020-03-16,27980,2158,2749,23073,3233,349,414,60479424,60451444,17.917351022250113,3233
55,2020-03-17,31506,2503,2941,26062,3526,345,192,60479424,60447918,17.917292692744603,3526
56,2020-03-18,35713,2978,4025,28710,4207,475,1084,60479424,60443711,17.9172230932192,4207
57,2020-03-19,41035,3405,4440,33190,5322,427,415,60479424,60438389,17.917135040480154,5322
58,2020-03-20,47021,4032,4440,38549,5986,627,0,60479424,60432403,17.91703599256451,5986
59,2020-03-21,53578,4825,6072,42681,6557,793,1632,60479424,60425846,17.91692748528328,6557
60,2020-03-22,59138,5476,7024,46638,5560,651,952,60479424,60420286,17.91683546744354,5560
61,2020-03-23,63927,6077,7024,50826,4789,601,0,60479424,60415497,17.91675620284354,4789
62,2020-03-24,69176,6820,8326,54030,5249,743,1302,60479424,60410248,17.91666931738708,5249
63,2020-03-25,74386,7503,9362,57521,5210,683,1036,60479424,60405038,17.9165830700226,5210
64,2020-03-26,80589,8215,10361,62013,6203,712,999,60479424,60398835,17.916480374639555,6203
65,2020-03-27,86498,9134,10950,66414,5909,919,589,60479424,60392926,17.916382536840757,5909
66,2020-03-28,92472,10023,12384,70065,5974,889,1434,60479424,60386952,17.916283613077894,5974
67,2020-03-29,97689,10779,13030,73880,5217,756,646,60479424,60381735,17.91619721651049,5217
68,2020-03-30,101739,11591,14620,75528,4050,812,1590,60479424,60377685,17.916130140997847,4050
69,2020-03-31,105792,12428,15729,77635,4053,837,1109,60479424,60373632,17.91606301129521,4053
70,2020-04-01,110574,13155,16847,80572,4782,727,1118,60479424,60368850,17.91598380139455,4782
71,2020-04-02,115242,13915,18278,83049,4668,760,1431,60479424,60364182,17.91590647375811,4668
72,2020-04-03,119827,14681,19758,85388,4585,766,1480,60479424,60359597,17.91583051523461,4585
73,2020-04-04,124632,15362,20996,88274,4805,681,1238,60479424,60354792,17.91575090583523,4805
74,2020-04-05,128948,15887,21815,91246,4316,525,819,60479424,60350476,17.915679392800655,4316
75,2020-04-06,132547,16523,22837,93187,3599,636,1022,60479424,60346877,17.91561975603296,3599
76,2020-04-07,135586,17127,24392,94067,3039,604,1555,60479424,60343838,17.915569395903756,3039
77,2020-04-08,139422,17669,26491,95262,3836,542,2099,60479424,60340002,17.915505824840697,3836
78,2020-04-09,143626,18279,28470,96877,4204,610,1979,60479424,60335798,17.915436150556346,4204
79,2020-04-10,147577,18849,30455,98273,3951,570,1985,60479424,60331847,17.91537066489942,3951
80,2020-04-11,152271,19468,32534,100269,4694,619,2079,60479424,60327153,17.91529285885093,4694
81,2020-04-12,156363,19899,34211,102253,4092,431,1677,60479424,60323061,17.91522502639766,4092
82,2020-04-13,159516,20465,35435,103616,3153,566,1224,60479424,60319908,17.91517275646387,3153
83,2020-04-14,162488,21067,37130,104291,2972,602,1695,60479424,60316936,17.915123484617858,2972
84,2020-04-15,165155,21645,38092,105418,2667,578,962,60479424,60314269,17.915079267203293,2667
85,2020-04-16,168941,22170,40164,106607,3786,525,2072,60479424,60310483,17.91501649401722,3786
86,2020-04-17,172434,22745,42727,106962,3493,575,2563,60479424,60306990,17.914958575377174,3493
87,2020-04-18,175925,23227,44927,107771,3491,482,2200,60479424,60303499,17.914900686547938,3491
88,2020-04-19,178972,23660,47055,108257,3047,433,2128,60479424,60300452,17.914850157523382,3047
89,2020-04-20,181228,24114,48877,108237,2256,454,1822,60479424,60298196,17.91481274416863,2256
90,2020-04-21,183957,24648,51600,107709,2729,534,2723,60479424,60295467,17.914767484742345,2729
91,2020-04-22,187327,25085,54543,107699,3370,437,2943,60479424,60292097,17.914711591748254,3370
92,2020-04-23,189973,25549,57576,106848,2646,464,3033,60479424,60289451,17.914667704436404,2646
93,2020-04-24,192994,25969,60498,106527,3021,420,2922,60479424,60286430,17.914617594912414,3021
94,2020-04-25,195351,26384,63120,105847,2357,415,2622,60479424,60284073,17.914578497455878,2357
95,2020-04-26,197675,26644,64928,106103,2324,260,1808,60479424,60281749,17.914539945900195,2324
96,2020-04-27,199414,26977,66624,105813,1739,333,1696,60479424,60280010,17.91451109761506,1739
97,2020-04-28,201505,27359,68941,105205,2091,382,2317,60479424,60277919,17.914476408897066,2091
98,2020-04-29,203591,27682,71252,104657,2086,323,2311,60479424,60275833,17.91444180192772,2086
99,2020-04-30,205463,27967,75945,101551,1872,285,4693,60479424,60273961,17.914410744222216,1872
100,2020-05-01,207428,28236,78249,100943,1965,269,2304,60479424,60271996,17.91437814254815,1965
101,2020-05-02,209328,28710,79914,100704,1900,474,1665,60479424,60270096,17.914346618290214,1900
102,2020-05-03,210717,28884,81654,100179,1389,174,1740,60479424,60268707,17.914323571769664,1389
103,2020-05-04,211938,29079,82879,99980,1221,195,1225,60479424,60267486,17.91430331229457,1221
104,2020-05-05,213013,29315,85231,98467,1075,236,2352,60479424,60266411,17.914285474988606,1075
105,2020-05-06,214457,29684,93245,91528,1444,369,8014,60479424,60264967,17.914261514422915,1444
106,2020-05-07,215858,29958,96276,89624,1401,274,3031,60479424,60263566,17.914238266815644,1401
107,2020-05-08,217185,30201,99023,87961,1327,243,2747,60479424,60262239,17.914216246634986,1327
108,2020-05-09,218268,30395,103031,84842,1083,194,4008,60479424,60261156,17.91419827502043,1083
109,2020-05-10,219070,30560,105186,83324,802,165,2155,60479424,60260354,17.914184966192817,802
110,2020-05-11,219814,30739,106587,82488,744,179,1401,60479424,60259610,17.914172619690625,744
111,2020-05-12,221216,30911,109039,81266,1402,172,2452,60479424,60258208,17.914149353421397,1402
112,2020-05-13,222104,31106,112541,78457,888,195,3502,60479424,60257320,17.9141346167312,888
113,2020-05-14,223096,31368,115288,76440,992,262,2747,60479424,60256328,17.914118153865516,992
114,2020-05-15,223885,31610,120205,72070,789,242,4917,60479424,60255539,17.91410505971936,789
115,2020-05-16,224760,31763,122810,70187,875,153,2605,60479424,60254664,17.91409053812736,875
116,2020-05-17,225435,31908,125176,68351,675,145,2366,60479424,60253989,17.9140793356123,675
117,2020-05-18,225886,32007,127326,66553,451,99,2150,60479424,60253538,17.91407185060267,451
118,2020-05-19,226699,32169,129401,65129,813,162,2075,60479424,60252725,17.91405835752804,813
119,2020-05-20,227364,32330,132282,62752,665,161,2881,60479424,60252060,17.914047320621915,665
120,2020-05-21,228006,32486,134560,60960,642,156,2278,60479424,60251418,17.9140366653278,642
121,2020-05-22,228658,32616,136720,59322,652,130,2160,60479424,60250766,17.914025843947165,652
122,2020-05-23,229327,32735,138840,57752,669,119,2120,60479424,60250097,17.91401474029225,669
123,2020-05-24,229858,32785,140479,56594,531,50,1639,60479424,60249566,17.914005926989592,531
124,2020-05-25,230158,32877,141981,55300,300,92,1502,60479424,60249266,17.914000947688216,300
125,2020-05-26,230555,32955,144658,52942,397,78,2677,60479424,60248869,17.913994358374612,397
126,2020-05-27,231139,33072,147101,50966,584,117,2443,60479424,60248285,17.91398466519962,584
127,2020-05-28,231732,33142,150604,47986,593,70,3503,60479424,60247692,17.913974822547363,593
128,2020-05-29,232248,33229,152844,46175,516,87,2240,60479424,60247176,17.913966257867248,516
129,2020-05-30,232664,33340,155633,43691,416,111,2789,60479424,60246760,17.91395935295545,416
130,2020-05-31,232997,33415,157507,42075,333,75,1874,60479424,60246427,17.91395382567199,333
131,2020-06-01,233197,33475,158355,41367,200,60,848,60479424,60246227,17.913950505967534,200
132,2020-06-02,233515,33530,160092,39893,318,55,1737,60479424,60245909,17.913945227614764,318
133,2020-06-03,233836,33601,160938,39297,321,71,846,60479424,60245588,17.913939899437953,321
134,2020-06-04,234013,33689,161895,38429,177,88,957,60479424,60245411,17.91393696145916,177
135,2020-06-05,234531,33774,163781,36976,518,85,1886,60479424,60244893,17.913928363256932,518
136,2020-06-06,234801,33846,165078,35877,270,72,1297,60479424,60244623,17.913923881539205,270
137,2020-06-07,234998,33899,165837,35262,197,53,759,60479424,60244426,17.913920611532486,197
138,2020-06-08,235278,33964,166584,34730,280,65,747,60479424,60244146,17.913915963788796,280
139,2020-06-09,235561,34043,168646,32872,283,79,2062,60479424,60243863,17.913911266225906,283
140,2020-06-10,235763,34114,169939,31710,202,71,1293,60479424,60243661,17.91390791318165,202
141,2020-06-11,236142,34167,171338,30637,379,53,1399,60479424,60243282,17.913901622043532,379
142,2020-06-12,236305,34223,173085,28997,163,56,1747,60479424,60243119,17.91389891634399,163
143,2020-06-13,236651,34301,174865,27485,346,78,1780,60479424,60242773,17.91389317293297,346
144,2020-06-14,236989,34345,176370,26274,338,44,1505,60479424,60242435,17.913887562285726,338
145,2020-06-15,237290,34371,177010,25909,301,26,640,60479424,60242134,17.913882565795262,301
146,2020-06-16,237500,34405,178526,24569,210,34,1516,60479424,60241924,17.913879079856898,210
147,2020-06-17,237828,34448,179455,23925,328,43,929,60479424,60241596,17.913873635128855,328
148,2020-06-18,238159,34514,180544,23101,331,66,1089,60479424,60241265,17.91386814057142,331
149,2020-06-19,238011,34561,181907,21543,0,47,1363,60479424,60241413,17.91387059735612,-148
150,2020-06-20,238275,34610,182453,21212,264,49,546,60479424,60241149,17.91386621497919,264
151,2020-06-21,238499,34634,182893,20972,224,24,440,60479424,60240925,17.913862496583704,224
152,2020-06-22,238720,34657,183426,20637,221,23,533,60479424,60240704,17.91385882797461,221
153,2020-06-23,238833,34675,184585,19573,113,18,1159,60479424,60240591,17.91385695216476,113
154,2020-06-24,239410,34644,186111,18655,577,-31,1526,60479424,60240014,17.913847373859603,577
155,2020-06-25,239706,34678,186725,18303,296,34,614,60479424,60239718,17.913842460170056,296
156,2020-06-26,239961,34708,187615,17638,255,30,890,60479424,60239463,17.91383822707355,255
157,2020-06-27,240136,34716,188584,16836,175,8,969,60479424,60239288,17.913835321996952,175
158,2020-06-28,240310,34738,188891,16681,174,22,307,60479424,60239114,17.913832433512425,174
159,2020-06-29,240436,34744,189196,16496,126,6,305,60479424,60238988,17.91383034184601,126
160,2020-06-30,240578,34767,190248,15563,142,23,1052,60479424,60238846,17.913827984565913,142
161,2020-07-01,240760,34788,190717,15255,182,21,469,60479424,60238664,17.91382496325513,182
162,2020-07-02,240961,34818,191083,15060,201,30,366,60479424,60238463,17.913821626522175,201
163,2020-07-03,241184,34833,191467,14884,223,15,384,60479424,60238240,17.913817924561638,223
164,2020-07-04,241419,34854,191944,14621,235,21,477,60479424,60238005,17.913814023377633,235
165,2020-07-05,241611,34861,192108,14642,192,7,164,60479424,60237813,17.913810836016,192
166,2020-07-06,241819,34869,192241,14709,208,8,133,60479424,60237605,17.913807383029436,208
167,2020-07-07,241956,34899,192815,14242,137,30,574,60479424,60237468,17.91380510870004,137
168,2020-07-08,242149,34914,193640,13595,193,15,825,60479424,60237275,17.913801904708976,193
169,2020-07-09,242363,34926,193978,13459,214,12,338,60479424,60237061,17.91379835208512,214
170,2020-07-10,242639,34938,194273,13428,276,12,295,60479424,60236785,17.913793770177772,276
171,2020-07-11,242827,34945,194579,13303,188,7,306,60479424,60236597,17.9137906491564,188
172,2020-07-12,243061,34954,194928,13179,234,9,349,60479424,60236363,17.913786764467257,234
173,2020-07-13,243230,34967,195106,13157,169,13,178,60479424,60236194,17.913783958849045,169
174,2020-07-14,243344,34984,195441,12919,114,17,335,60479424,60236080,17.9137820662974,114
175,2020-07-15,243506,34997,196016,12493,162,13,575,60479424,60235918,17.91377937687575,162
176,2020-07-16,243736,35017,196246,12473,230,20,230,60479424,60235688,17.913775558548632,230
177,2020-07-17,243967,35028,196483,12456,231,11,237,60479424,60235457,17.913771723605418,231
178,2020-07-18,244216,35042,196806,12368,249,14,323,60479424,60235208,17.91376758981899,249
