,Date,Confirmed,Deaths,Recovered,Active,New cases,New deaths,New recovered,Population,Susceptiple,Log susceptiple,Decresed susceptiple
0,2020-01-22,2,0,0,2,0,0,0,126552765,126552763,18.65616987798455,0
1,2020-01-23,2,0,0,2,0,0,0,126552765,126552763,18.65616987798455,0
2,2020-01-24,2,0,0,2,0,0,0,126552765,126552763,18.65616987798455,0
3,2020-01-25,2,0,0,2,0,0,0,126552765,126552763,18.65616987798455,0
4,2020-01-26,4,0,1,3,2,0,1,126552765,126552761,18.656169862180864,2
5,2020-01-27,4,0,1,3,0,0,0,126552765,126552761,18.656169862180864,0
6,2020-01-28,7,0,1,6,3,0,0,126552765,126552758,18.656169838475336,3
7,2020-01-29,7,0,1,6,0,0,0,126552765,126552758,18.656169838475336,0
8,2020-01-30,11,0,1,10,4,0,0,126552765,126552754,18.656169806867965,4
9,2020-01-31,15,0,1,14,4,0,0,126552765,126552750,18.65616977526059,4
10,2020-02-01,20,0,1,19,5,0,0,126552765,126552745,18.656169735751373,5
11,2020-02-02,20,0,1,19,0,0,0,126552765,126552745,18.656169735751373,0
12,2020-02-03,20,0,1,19,0,0,0,126552765,126552745,18.656169735751373,0
13,2020-02-04,22,0,1,21,2,0,0,126552765,126552743,18.656169719947687,2
14,2020-02-05,23,0,1,22,1,0,0,126552765,126552742,18.65616971204584,1
15,2020-02-06,23,0,1,22,0,0,0,126552765,126552742,18.65616971204584,0
16,2020-02-07,23,0,1,22,0,0,0,126552765,126552742,18.65616971204584,0
17,2020-02-08,24,0,1,23,1,0,0,126552765,126552741,18.656169704144,1
18,2020-02-09,24,0,1,23,0,0,0,126552765,126552741,18.656169704144,0
19,2020-02-10,26,0,4,22,2,0,3,126552765,126552739,18.65616968834031,2
20,2020-02-11,27,0,9,18,1,0,5,126552765,126552738,18.656169680438467,1
21,2020-02-12,28,0,9,19,1,0,0,126552765,126552737,18.656169672536624,1
22,2020-02-13,33,1,9,23,5,1,0,126552765,126552732,18.6561696330274,5
23,2020-02-14,43,1,9,33,10,0,0,126552765,126552722,18.656169554008954,10
24,2020-02-15,54,1,12,41,11,0,3,126552765,126552711,18.656169467088652,11
25,2020-02-16,60,1,12,47,6,0,0,126552765,126552705,18.65616941967758,6
26,2020-02-17,67,1,12,54,7,0,0,126552765,126552698,18.656169364364654,7
27,2020-02-18,79,2,13,64,12,1,1,126552765,126552686,18.65616926954249,12
28,2020-02-19,85,2,18,65,6,0,5,126552765,126552680,18.656169222131407,6
29,2020-02-20,95,2,18,75,10,0,0,126552765,126552670,18.656169143112926,10
30,2020-02-21,112,2,22,88,17,0,4,126552765,126552653,18.656169008781497,17
31,2020-02-22,137,2,22,113,25,0,0,126552765,126552628,18.656168811235244,25
32,2020-02-23,149,2,22,125,12,0,0,126552765,126552616,18.656168716413028,12
33,2020-02-24,160,2,22,136,11,0,0,126552765,126552605,18.656168629492655,11
34,2020-02-25,173,3,22,148,13,1,0,126552765,126552592,18.656168526768568,13
35,2020-02-26,192,3,22,167,19,0,0,126552765,126552573,18.65616837663335,19
36,2020-02-27,218,4,22,192,26,1,0,126552765,126552547,18.656168171185115,26
37,2020-02-28,236,5,22,209,18,1,0,126552765,126552529,18.656168028951697,18
38,2020-02-29,245,6,32,207,9,1,10,126552765,126552520,18.65616795783498,9
39,2020-03-01,259,6,32,221,14,0,0,126552765,126552506,18.656167847208966,14
40,2020-03-02,278,6,32,240,19,0,0,126552765,126552487,18.65616769707364,19
41,2020-03-03,298,6,43,249,20,0,11,126552765,126552467,18.656167539036435,20
42,2020-03-04,333,7,43,283,35,1,0,126552765,126552432,18.656167262471264,35
43,2020-03-05,365,7,43,315,32,0,0,126552765,126552400,18.65616700961161,32
44,2020-03-06,420,7,46,367,55,0,3,126552765,126552345,18.656166575008932,55
45,2020-03-07,466,7,76,383,46,0,30,126552765,126552299,18.656166211522912,46
46,2020-03-08,499,8,76,415,33,1,0,126552765,126552266,18.656165950761118,33
47,2020-03-09,527,10,76,441,28,2,0,126552765,126552238,18.656165729508636,28
48,2020-03-10,585,13,101,471,58,3,25,126552765,126552180,18.656165271199765,58
49,2020-03-11,640,15,118,507,55,2,17,126552765,126552125,18.656164836596332,55
50,2020-03-12,696,19,118,559,56,4,0,126552765,126552069,18.656164394090823,56
51,2020-03-13,733,21,118,594,37,2,0,126552765,126552032,18.656164101721004,37
52,2020-03-14,795,22,118,655,62,1,0,126552765,126551970,18.65616361180382,62
53,2020-03-15,826,24,118,684,31,2,0,126552765,126551939,18.65616336684514,31
54,2020-03-16,843,30,144,669,17,6,26,126552765,126551922,18.65616323251293,17
55,2020-03-17,893,30,144,719,50,0,0,126552765,126551872,18.656162837418105,50
56,2020-03-18,928,32,144,752,35,2,0,126552765,126551837,18.65616256085163,35
57,2020-03-19,968,33,150,785,40,1,6,126552765,126551797,18.65616224477557,40
58,2020-03-20,1022,34,191,797,54,1,41,126552765,126551743,18.656161818072725,54
59,2020-03-21,1059,36,232,791,37,2,41,126552765,126551706,18.656161525702156,37
60,2020-03-22,1104,40,235,829,45,4,3,126552765,126551661,18.65616117011621,45
61,2020-03-23,1144,41,235,868,40,1,0,126552765,126551621,18.656160854039708,40
62,2020-03-24,1217,42,285,890,73,1,50,126552765,126551548,18.656160277199834,73
63,2020-03-25,1314,45,310,959,97,3,25,126552765,126551451,18.65615951071346,97
64,2020-03-26,1416,47,359,1010,102,2,49,126552765,126551349,18.656158704716844,102
65,2020-03-27,1530,53,372,1105,114,6,13,126552765,126551235,18.65615780389633,114
66,2020-03-28,1728,56,404,1268,198,3,32,126552765,126551037,18.656156239311404,198
67,2020-03-29,1907,63,424,1420,179,7,20,126552765,126550858,18.656154824861307,179
68,2020-03-30,2001,65,424,1512,94,2,0,126552765,126550764,18.656154082076654,94
69,2020-03-31,2255,67,424,1764,254,2,0,126552765,126550510,18.656152074974944,254
70,2020-04-01,2535,72,472,1991,280,5,48,126552765,126550230,18.65614986241721,280
71,2020-04-02,2818,75,472,2271,283,3,0,126552765,126549947,18.656147626148524,283
72,2020-04-03,3154,81,514,2559,336,6,42,126552765,126549611,18.656144971066844,336
73,2020-04-04,3525,87,514,2924,371,6,0,126552765,126549240,18.656142039405964,371
74,2020-04-05,3876,93,514,3269,351,6,0,126552765,126548889,18.65613926577819,351
75,2020-04-06,4110,96,575,3439,234,3,61,126552765,126548655,18.656137416688733,234
76,2020-04-07,4485,98,592,3795,375,2,17,126552765,126548280,18.656134453397218,375
77,2020-04-08,5020,105,622,4293,535,7,30,126552765,126547745,18.65613022575279,535
78,2020-04-09,5614,113,632,4869,594,8,10,126552765,126547151,18.656125531861214,594
79,2020-04-10,6250,125,685,5440,636,12,53,126552765,126546515,18.65612050605389,636
80,2020-04-11,6951,138,762,6051,701,13,77,126552765,126545814,18.656114966573476,701
81,2020-04-12,7473,147,762,6564,522,9,0,126552765,126545292,18.656110841576684,522
82,2020-04-13,7773,156,784,6833,300,9,22,126552765,126544992,18.656108470881176,300
83,2020-04-14,8277,170,799,7308,504,14,15,126552765,126544488,18.656104488100066,504
84,2020-04-15,8835,186,853,7796,558,16,54,126552765,126543930,18.656100078573903,558
85,2020-04-16,9398,204,901,8293,563,18,48,126552765,126543367,18.656095629516155,563
86,2020-04-17,9958,217,935,8806,560,13,34,126552765,126542807,18.656091204146005,560
87,2020-04-18,10548,236,1069,9243,590,19,134,126552765,126542217,18.656086541681265,590
88,2020-04-19,10914,255,1159,9500,366,19,90,126552765,126541851,18.656083649361708,366
89,2020-04-20,11258,275,1159,9824,344,20,0,126552765,126541507,18.656080930889797,344
90,2020-04-21,11641,303,1239,10099,383,28,80,126552765,126541124,18.65607790421034,383
91,2020-04-22,12037,323,1356,10358,396,20,117,126552765,126540728,18.656074774788006,396
92,2020-04-23,12469,351,1494,10624,432,28,138,126552765,126540296,18.656071360861564,432
93,2020-04-24,12854,360,1530,10964,385,9,36,126552765,126539911,18.656068318347852,385
94,2020-04-25,13186,379,1656,11151,332,19,126,126552765,126539579,18.656065694666257,332
95,2020-04-26,13405,395,1809,11201,219,16,153,126552765,126539360,18.656063963980955,219
96,2020-04-27,13576,417,1899,11260,171,22,90,126552765,126539189,18.656062612621856,171
97,2020-04-28,13860,436,1899,11525,284,19,0,126552765,126538905,18.65606036825534,284
98,2020-04-29,14076,454,2368,11254,216,18,469,126552765,126538689,18.656058661268982,216
99,2020-04-30,14284,481,2460,11343,208,27,92,126552765,126538481,18.65605701750159,208
100,2020-05-01,14558,510,2975,11073,274,29,515,126552765,126538207,18.656054852150035,274
101,2020-05-02,14861,536,3205,11120,303,26,230,126552765,126537904,18.656052457613477,303
102,2020-05-03,15061,560,3981,10520,200,24,776,126552765,126537704,18.65605087705815,200
103,2020-05-04,15229,582,4156,10491,168,22,175,126552765,126537536,18.656049549389746,168
104,2020-05-05,15354,593,4496,10265,125,11,340,126552765,126537411,18.656048561540086,125
105,2020-05-06,15455,605,4496,10354,101,12,0,126552765,126537310,18.65604776335685,101
106,2020-05-07,15553,617,4918,10018,98,12,422,126552765,126537212,18.656046988881418,98
107,2020-05-08,15640,634,5146,9860,87,17,228,126552765,126537125,18.6560463013364,87
108,2020-05-09,15755,654,5906,9195,115,20,760,126552765,126537010,18.656045392511796,115
109,2020-05-10,15824,666,8127,7031,69,12,2221,126552765,126536941,18.656044847216638,69
110,2020-05-11,15861,685,8293,6883,37,19,166,126552765,126536904,18.656044554811867,37
111,2020-05-12,15948,707,8531,6710,87,22,238,126552765,126536817,18.656043867265172,87
112,2020-05-13,15998,726,8920,6352,50,19,389,126552765,126536767,18.65604347212318,50
113,2020-05-14,16096,742,9868,5486,98,16,948,126552765,126536669,18.656042697644423,98
114,2020-05-15,16148,760,10338,5050,52,18,470,126552765,126536617,18.65604228669627,52
115,2020-05-16,16202,778,10338,5086,54,18,0,126552765,126536563,18.65604185994224,54
116,2020-05-17,16226,787,11153,4286,24,9,815,126552765,126536539,18.65604167027372,24
117,2020-05-18,16259,796,11564,3899,33,9,411,126552765,126536506,18.65604140947945,33
118,2020-05-19,16287,805,11564,3918,28,9,0,126552765,126536478,18.65604118819941,28
119,2020-05-20,16321,818,11564,3939,34,13,0,126552765,126536444,18.656040919502153,34
120,2020-05-21,16362,826,12672,2864,41,8,1108,126552765,126536403,18.656040595484775,41
121,2020-05-22,16385,836,13005,2544,23,10,333,126552765,126536380,18.656040413718884,23
122,2020-05-23,16410,845,13244,2321,25,9,239,126552765,126536355,18.656040216147225,25
123,2020-05-24,16451,852,13413,2186,41,7,169,126552765,126536314,18.656039892129623,41
124,2020-05-25,16472,857,13612,2003,21,5,199,126552765,126536293,18.656039726169343,21
125,2020-05-26,16502,863,13810,1829,30,6,198,126552765,126536263,18.656039489083188,30
126,2020-05-27,16528,870,13973,1685,26,7,163,126552765,126536237,18.65603928360847,26
127,2020-05-28,16598,881,14096,1621,70,11,123,126552765,126536167,18.656038730407104,70
128,2020-05-29,16673,887,14213,1573,75,6,117,126552765,126536092,18.656038137691013,75
129,2020-05-30,16716,894,14267,1555,43,7,54,126552765,126536049,18.65603779786696,43
130,2020-05-31,16751,898,14342,1511,35,4,75,126552765,126536014,18.656037521265905,35
131,2020-06-01,16787,899,14463,1425,36,1,121,126552765,126535978,18.656037236761883,36
132,2020-06-02,16837,902,14585,1350,50,3,122,126552765,126535928,18.656036841617272,50
133,2020-06-03,16867,905,14702,1260,30,3,117,126552765,126535898,18.656036604530428,30
134,2020-06-04,16911,911,14785,1215,44,6,83,126552765,126535854,18.65603625680296,44
135,2020-06-05,16958,916,14925,1117,47,5,140,126552765,126535807,18.656035885366663,47
136,2020-06-06,17000,915,14927,1158,42,-1,2,126552765,126535765,18.656035553444752,42
137,2020-06-07,17039,917,14990,1132,39,2,63,126552765,126535726,18.65603524523145,39
138,2020-06-08,17060,920,15043,1097,21,3,53,126552765,126535705,18.656035079270403,21
139,2020-06-09,17111,920,15141,1050,51,0,98,126552765,126535654,18.656034676222028,51
140,2020-06-10,17146,922,15217,1007,35,2,76,126552765,126535619,18.656034399620108,35
141,2020-06-11,17187,922,15233,1032,41,0,16,126552765,126535578,18.65603407560062,41
142,2020-06-12,17250,924,15362,964,63,2,129,126552765,126535515,18.65603357771681,63
143,2020-06-13,17293,927,15458,908,43,3,96,126552765,126535472,18.656033237891208,43
144,2020-06-14,17369,927,15514,928,76,0,56,126552765,126535396,18.656032637268936,76
145,2020-06-15,17439,929,15567,943,70,2,53,126552765,126535326,18.65603208406389,70
146,2020-06-16,17484,934,15652,898,45,5,85,126552765,126535281,18.656031728431913,45
147,2020-06-17,17530,935,15753,842,46,1,101,126552765,126535235,18.656031364896876,46
148,2020-06-18,17588,935,15753,900,58,0,0,126552765,126535177,18.656030906526418,58
149,2020-06-19,17658,951,15844,863,70,16,91,126552765,126535107,18.656030353320418,70
150,2020-06-20,17725,955,15948,822,67,4,104,126552765,126535040,18.65602982382296,67
151,2020-06-21,17780,955,15948,877,55,0,0,126552765,126534985,18.656029389160654,55
152,2020-06-22,17820,955,15957,908,40,0,9,126552765,126534945,18.656029073042497,40
153,2020-06-23,17879,965,16096,818,59,10,139,126552765,126534886,18.656028606768032,59
154,2020-06-24,17963,967,16101,895,84,2,5,126552765,126534802,18.656027942919266,84
155,2020-06-25,18055,971,16142,942,92,4,41,126552765,126534710,18.656027215846304,92
156,2020-06-26,18162,971,16224,967,107,0,82,126552765,126534603,18.65602637022817,107
157,2020-06-27,18254,971,16293,990,92,0,69,126552765,126534511,18.656025643154063,92
158,2020-06-28,18366,972,16327,1067,112,1,34,126552765,126534399,18.656024758019655,112
159,2020-06-29,18476,972,16388,1116,110,0,61,126552765,126534289,18.656023888690456,110
160,2020-06-30,18615,972,16458,1185,139,0,70,126552765,126534150,18.656022790173385,139
161,2020-07-01,18838,976,16563,1299,223,4,105,126552765,126533927,18.656021027801753,223
162,2020-07-02,19055,977,16615,1463,217,1,52,126552765,126533710,18.65601931284521,217
163,2020-07-03,19185,977,16721,1487,130,0,106,126552765,126533580,18.65601828545048,130
164,2020-07-04,19461,977,16832,1652,276,0,111,126552765,126533304,18.656016104208938,276
165,2020-07-05,19668,977,16870,1821,207,0,38,126552765,126533097,18.656014468274662,207
166,2020-07-06,19848,978,17007,1863,180,1,137,126552765,126532917,18.65601304572094,180
167,2020-07-07,20055,981,17057,2017,207,3,50,126552765,126532710,18.65601140978166,207
168,2020-07-08,20261,982,17057,2222,206,1,0,126552765,126532504,18.656009781742807,206
169,2020-07-09,20617,982,17412,2223,356,0,355,126552765,126532148,18.65600696823253,356
170,2020-07-10,21044,982,17494,2568,427,0,82,126552765,126531721,18.656003593590373,427
171,2020-07-11,21430,982,17494,2954,386,0,0,126552765,126531335,18.65600054296729,386
172,2020-07-12,21841,983,17845,3013,411,1,351,126552765,126530924,18.655997294754762,411
173,2020-07-13,22125,984,18058,3083,284,1,213,126552765,126530640,18.655995050241646,284
174,2020-07-14,22437,984,18126,3327,312,0,68,126552765,126530328,18.655992584432695,312
175,2020-07-15,23172,984,18126,4062,735,0,0,126552765,126529593,18.655986775531805,735
176,2020-07-16,23510,985,18641,3884,338,1,515,126552765,126529255,18.655984104216397,338
177,2020-07-17,24104,985,18944,4175,594,0,303,126552765,126528661,18.655979409638892,594
178,2020-07-18,24946,986,19211,4749,842,1,267,126552765,126527819,18.655972754997997,842
