,Date,Confirmed,Deaths,Recovered,Active,New cases,New deaths,New recovered,Population,Susceptiple,Log susceptiple,Decresed susceptiple
1,2020-01-23,1,0,0,1,1,0,0,5840996,5840995,15.580411717004274,0
2,2020-01-24,3,0,0,3,2,0,0,5840996,5840993,15.580411374596801,2
3,2020-01-25,3,0,0,3,0,0,0,5840996,5840993,15.580411374596801,0
4,2020-01-26,4,0,0,4,1,0,0,5840996,5840992,15.58041120339302,1
5,2020-01-27,5,0,0,5,1,0,0,5840996,5840991,15.58041103218921,1
6,2020-01-28,7,0,0,7,2,0,0,5840996,5840989,15.580410689781502,2
7,2020-01-29,7,0,0,7,0,0,0,5840996,5840989,15.580410689781502,0
8,2020-01-30,10,0,0,10,3,0,0,5840996,5840986,15.58041017616972,3
9,2020-01-31,13,0,0,13,3,0,0,5840996,5840983,15.580409662557674,3
10,2020-02-01,16,0,0,16,3,0,0,5840996,5840980,15.580409148945364,3
11,2020-02-02,18,0,0,18,2,0,0,5840996,5840978,15.58040880653701,2
12,2020-02-03,18,0,0,18,0,0,0,5840996,5840978,15.58040880653701,0
13,2020-02-04,24,0,0,24,6,0,0,5840996,5840972,15.580407779311248,6
14,2020-02-05,28,0,0,28,4,0,0,5840996,5840968,15.580407094493486,4
15,2020-02-06,28,0,0,28,0,0,0,5840996,5840968,15.580407094493486,0
16,2020-02-07,30,0,0,30,2,0,0,5840996,5840966,15.58040675208443,2
17,2020-02-08,33,0,2,31,3,0,2,5840996,5840963,15.580406238470625,3
18,2020-02-09,40,0,2,38,7,0,0,5840996,5840956,15.580405040037387,7
19,2020-02-10,45,0,2,43,5,0,0,5840996,5840951,15.580404184012767,5
20,2020-02-11,47,0,9,38,2,0,7,5840996,5840949,15.580403841602715,2
21,2020-02-12,50,0,15,35,3,0,6,5840996,5840946,15.580403327987415,3
22,2020-02-13,58,0,15,43,8,0,0,5840996,5840938,15.580401958345327,8
23,2020-02-14,67,0,17,50,9,0,2,5840996,5840929,15.580400417495735,9
24,2020-02-15,72,0,18,54,5,0,1,5840996,5840924,15.580399561467157,5
25,2020-02-16,75,0,18,57,3,0,0,5840996,5840921,15.58039904784966,3
26,2020-02-17,77,0,24,53,2,0,6,5840996,5840919,15.580398705437847,2
27,2020-02-18,81,0,29,52,4,0,5,5840996,5840915,15.580398020613872,4
28,2020-02-19,84,0,34,50,3,0,5,5840996,5840912,15.580397506995583,3
29,2020-02-20,84,0,34,50,0,0,0,5840996,5840912,15.580397506995583,0
30,2020-02-21,85,0,37,48,1,0,3,5840996,5840911,15.580397335789428,1
31,2020-02-22,85,0,37,48,0,0,0,5840996,5840911,15.580397335789428,0
32,2020-02-23,89,0,51,38,4,0,14,5840996,5840907,15.580396650964515,4
33,2020-02-24,89,0,51,38,0,0,0,5840996,5840907,15.580396650964515,0
34,2020-02-25,91,0,53,38,2,0,2,5840996,5840905,15.580396308551883,2
35,2020-02-26,93,0,62,31,2,0,9,5840996,5840903,15.580395966139132,2
36,2020-02-27,93,0,62,31,0,0,0,5840996,5840903,15.580395966139132,0
37,2020-02-28,93,0,62,31,0,0,0,5840996,5840903,15.580395966139132,0
38,2020-02-29,102,0,72,30,9,0,10,5840996,5840894,15.580394425280307,9
39,2020-03-01,106,0,72,34,4,0,0,5840996,5840890,15.5803937404534,4
40,2020-03-02,108,0,78,30,2,0,6,5840996,5840888,15.580393398039773,2
41,2020-03-03,110,0,78,32,2,0,0,5840996,5840886,15.580393055626026,2
42,2020-03-04,110,0,78,32,0,0,0,5840996,5840886,15.580393055626026,0
43,2020-03-05,117,0,78,39,7,0,0,5840996,5840879,15.58039185717699,7
44,2020-03-06,130,0,78,52,13,0,0,5840996,5840866,15.580389631482113,13
45,2020-03-07,138,0,78,60,8,0,0,5840996,5840858,15.580388261821264,8
46,2020-03-08,150,0,78,72,12,0,0,5840996,5840846,15.580386207326475,12
47,2020-03-09,150,0,78,72,0,0,0,5840996,5840846,15.580386207326475,0
48,2020-03-10,160,0,78,82,10,0,0,5840996,5840836,15.58038449524426,10
49,2020-03-11,178,0,96,82,18,0,18,5840996,5840818,15.580381413488885,18
50,2020-03-12,178,0,96,82,0,0,0,5840996,5840818,15.580381413488885,0
51,2020-03-13,200,0,97,103,22,0,1,5840996,5840796,15.580377646886085,22
52,2020-03-14,212,0,105,107,12,0,8,5840996,5840784,15.580375592369487,12
53,2020-03-15,226,0,105,121,14,0,0,5840996,5840770,15.580373195428121,14
54,2020-03-16,243,0,109,134,17,0,4,5840996,5840753,15.580370284848739,17
55,2020-03-17,266,0,114,152,23,0,5,5840996,5840730,15.58036634699256,23
56,2020-03-18,313,0,114,199,47,0,0,5840996,5840683,15.580358300020846,47
57,2020-03-19,345,0,114,231,32,0,0,5840996,5840651,15.580352821194541,32
58,2020-03-20,385,0,124,261,40,0,10,5840996,5840611,15.580345972619446,40
59,2020-03-21,432,2,140,290,47,2,16,5840996,5840564,15.580337925483777,47
60,2020-03-22,455,2,144,309,23,0,4,5840996,5840541,15.58033398750017,23
61,2020-03-23,509,2,144,363,54,0,0,5840996,5840487,15.58032474173858,54
62,2020-03-24,558,2,156,400,49,0,12,5840996,5840438,15.58031635199205,49
63,2020-03-25,631,2,160,469,73,0,4,5840996,5840365,15.580303852851365,73
64,2020-03-26,683,2,172,509,52,0,12,5840996,5840313,15.580294949258612,52
65,2020-03-27,732,2,183,547,49,0,11,5840996,5840264,15.580286559262126,49
66,2020-03-28,802,2,198,602,70,0,15,5840996,5840194,15.580274573430748,70
67,2020-03-29,844,3,212,629,42,1,14,5840996,5840152,15.580267381862964,42
68,2020-03-30,879,3,228,648,35,0,16,5840996,5840117,15.580261388850301,35
69,2020-03-31,926,3,240,683,47,0,12,5840996,5840070,15.580253341033945,47
70,2020-04-01,1000,3,245,752,74,0,5,5840996,5839996,15.58024066987267,74
71,2020-04-02,1049,4,266,779,49,1,21,5840996,5839947,15.580232279420763,49
72,2020-04-03,1114,5,282,827,65,1,16,5840996,5839882,15.580221149120824,65
73,2020-04-04,1189,6,297,886,75,1,15,5840996,5839807,15.580208306313109,75
74,2020-04-05,1309,6,320,983,120,0,23,5840996,5839687,15.580187757477688,120
75,2020-04-06,1375,6,344,1025,66,0,24,5840996,5839621,15.580176455438217,66
76,2020-04-07,1481,6,377,1098,106,0,33,5840996,5839515,15.580158303410533,106
77,2020-04-08,1623,6,406,1211,142,0,29,5840996,5839373,15.58013398602689,142
78,2020-04-09,1910,6,460,1444,287,0,54,5840996,5839086,15.58008483570662,287
79,2020-04-10,2108,7,492,1609,198,1,32,5840996,5838888,15.580050925715037,198
80,2020-04-11,2299,8,528,1763,191,1,36,5840996,5838697,15.580018213471877,191
81,2020-04-12,2532,8,560,1964,233,0,32,5840996,5838464,15.579978306511611,233
82,2020-04-13,2918,9,586,2323,386,1,26,5840996,5838078,15.579912191046922,386
83,2020-04-14,3252,10,611,2631,334,1,25,5840996,5837744,15.57985497880095,334
84,2020-04-15,3699,10,652,3037,447,0,41,5840996,5837297,15.57977840519402,447
85,2020-04-16,4427,10,683,3734,728,0,31,5840996,5836569,15.579653682158662,728
86,2020-04-17,5050,11,708,4331,623,1,25,5840996,5835946,15.57954693566905,623
87,2020-04-18,5992,11,740,5241,942,0,32,5840996,5835004,15.579385509220982,942
88,2020-04-19,6588,11,768,5809,596,0,28,5840996,5834408,15.579283361829063,596
89,2020-04-20,8014,11,801,7202,1426,0,33,5840996,5832982,15.579038919840391,1426
90,2020-04-21,9125,11,839,8275,1111,0,38,5840996,5831871,15.578848433084431,1111
91,2020-04-22,10141,12,896,9233,1016,1,57,5840996,5830855,15.57867420280541,1016
92,2020-04-23,11178,12,924,10242,1037,0,28,5840996,5829818,15.578496340000623,1037
93,2020-04-24,12075,12,956,11107,897,0,32,5840996,5828921,15.578342464010815,897
94,2020-04-25,12693,12,1002,11679,618,0,46,5840996,5828303,15.578236435336994,618
95,2020-04-26,13624,12,1060,12552,931,0,58,5840996,5827372,15.578076684828854,931
96,2020-04-27,14423,14,1095,13314,799,2,35,5840996,5826573,15.577939563879466,799
97,2020-04-28,14951,14,1128,13809,528,0,33,5840996,5826045,15.577848940467568,528
98,2020-04-29,15641,14,1188,14439,690,0,60,5840996,5825355,15.577730499765025,690
99,2020-04-30,16169,15,1244,14910,528,1,56,5840996,5824827,15.577639857404183,528
100,2020-05-01,17101,16,1268,15817,932,1,24,5840996,5823895,15.577479839849984,932
101,2020-05-02,17548,17,1347,16184,447,1,79,5840996,5823448,15.57740308414695,447
102,2020-05-03,18205,18,1408,16779,657,1,61,5840996,5822791,15.577290258023307,657
103,2020-05-04,18778,18,1457,17303,573,0,49,5840996,5822218,15.577191846763949,573
104,2020-05-05,19410,18,1519,17873,632,0,62,5840996,5821586,15.577083291174963,632
105,2020-05-06,20198,20,1634,18544,788,2,115,5840996,5820798,15.576947923710499,788
106,2020-05-07,20939,20,1712,19207,741,0,78,5840996,5820057,15.576820613474094,741
107,2020-05-08,21707,20,2040,19647,768,0,328,5840996,5819289,15.576688647296422,768
108,2020-05-09,22460,20,2296,20144,753,0,256,5840996,5818536,15.576559241672769,753
109,2020-05-10,23336,20,2721,20595,876,0,425,5840996,5817660,15.57640867700341,876
110,2020-05-11,23822,21,3225,20576,486,1,504,5840996,5817174,15.576325134771475,486
111,2020-05-12,24671,21,3851,20799,849,0,626,5840996,5816325,15.576179176964368,849
112,2020-05-13,25346,21,4809,20516,675,0,958,5840996,5815650,15.576063117567617,675
113,2020-05-14,26098,21,5973,20104,752,0,1164,5840996,5814898,15.575933802938412,752
114,2020-05-15,26891,21,7248,19622,793,0,1275,5840996,5814105,15.575797419793401,793
115,2020-05-16,27356,22,8342,18992,465,1,1094,5840996,5813640,15.575717438679222,465
116,2020-05-17,28038,22,9340,18676,682,0,998,5840996,5812958,15.575600121472455,682
117,2020-05-18,28343,22,9835,18486,305,0,495,5840996,5812653,15.575547651111961,305
118,2020-05-19,28794,22,10365,18407,451,0,530,5840996,5812202,15.575470058746253,451
119,2020-05-20,29364,22,11207,18135,570,0,842,5840996,5811632,15.575371984393083,570
120,2020-05-21,29812,23,12117,17672,448,1,910,5840996,5811184,15.575294894641301,448
121,2020-05-22,30426,23,12995,17408,614,0,878,5840996,5810570,15.57518923072851,614
122,2020-05-23,31068,23,13882,17163,642,0,887,5840996,5809928,15.575078736324457,642
123,2020-05-24,31616,23,14876,16717,548,0,994,5840996,5809380,15.574984410569359,548
124,2020-05-25,31960,23,15738,16199,344,0,862,5840996,5809036,15.574925194235549,344
125,2020-05-26,32343,23,16444,15876,383,0,706,5840996,5808653,15.57485926029634,383
126,2020-05-27,32876,23,17276,15577,533,0,832,5840996,5808120,15.574767496430356,533
127,2020-05-28,33249,23,18294,14932,373,0,1018,5840996,5807747,15.574703273931918,373
128,2020-05-29,33860,23,19631,14206,611,0,1337,5840996,5807136,15.574598064090274,611
129,2020-05-30,34366,23,20727,13616,506,0,1096,5840996,5806630,15.574510926119643,506
130,2020-05-31,34884,23,21699,13162,518,0,972,5840996,5806112,15.574421713769908,518
131,2020-06-01,35292,24,22466,12802,408,1,767,5840996,5805704,15.574351440524074,408
132,2020-06-02,35836,24,23175,12637,544,0,709,5840996,5805160,15.574257735180458,544
133,2020-06-03,36405,24,23582,12799,569,0,407,5840996,5804591,15.574159714128939,569
134,2020-06-04,36922,24,23904,12994,517,0,322,5840996,5804074,15.574070642732643,517
135,2020-06-05,37183,24,24209,12950,261,0,305,5840996,5803813,15.574025673307966,261
136,2020-06-06,37527,25,24559,12943,344,1,350,5840996,5803469,15.573966400172344,344
137,2020-06-07,37910,25,24886,12999,383,0,327,5840996,5803086,15.573900402983663,383
138,2020-06-08,38296,25,25368,12903,386,0,482,5840996,5802700,15.573833884438491,386
139,2020-06-09,38514,25,25877,12612,218,0,509,5840996,5802482,15.573796315014759,218
140,2020-06-10,38965,25,26532,12408,451,0,655,5840996,5802031,15.57371858663439,451
141,2020-06-11,39387,25,27286,12076,422,0,754,5840996,5801609,15.57364585083766,422
142,2020-06-12,39850,25,28040,11785,463,0,754,5840996,5801146,15.573566042205961,463
143,2020-06-13,40197,26,28808,11363,347,1,768,5840996,5800799,15.57350622464949,347
144,2020-06-14,40604,26,29589,10989,407,0,781,5840996,5800392,15.5734360594397,407
145,2020-06-15,40818,26,30366,10426,214,0,777,5840996,5800178,15.573399164700902,214
146,2020-06-16,40969,26,31163,9780,151,0,797,5840996,5800027,15.573373130678226,151
147,2020-06-17,41216,26,31938,9252,247,0,775,5840996,5799780,15.573330543762765,247
148,2020-06-18,41473,26,32712,8735,257,0,774,5840996,5799523,15.573286230755329,257
149,2020-06-19,41615,26,33459,8130,142,0,747,5840996,5799381,15.57326174568329,142
150,2020-06-20,41833,26,34224,7583,218,0,765,5840996,5799163,15.57322415475808,218
151,2020-06-21,42095,26,34942,7127,262,0,718,5840996,5798901,15.573178974803902,262
152,2020-06-22,42313,26,35590,6697,218,0,648,5840996,5798683,15.573141380767069,218
153,2020-06-23,42432,26,35995,6411,119,0,405,5840996,5798564,15.573120858655226,119
154,2020-06-24,42623,26,36299,6298,191,0,304,5840996,5798373,15.573087918922948,191
155,2020-06-25,42736,26,36604,6106,113,0,305,5840996,5798260,15.573068430507647,113
156,2020-06-26,42955,26,36825,6104,219,0,221,5840996,5798041,15.573030659842669,219
157,2020-06-27,43246,26,37163,6057,291,0,338,5840996,5797750,15.572980469217455,291
158,2020-06-28,43459,26,37508,5925,213,0,345,5840996,5797537,15.572943730152693,213
159,2020-06-29,43661,26,37985,5650,202,0,477,5840996,5797335,15.572908887163477,202
160,2020-06-30,43907,26,38500,5381,246,0,515,5840996,5797089,15.572866452972692,246
161,2020-07-01,44122,26,39011,5085,215,0,511,5840996,5796874,15.572829364705283,215
162,2020-07-02,44310,26,39429,4855,188,0,418,5840996,5796686,15.572796932906938,188
163,2020-07-03,44479,26,39769,4684,169,0,340,5840996,5796517,15.57276777789257,169
164,2020-07-04,44664,26,40117,4521,185,0,348,5840996,5796332,15.57273586166559,185
165,2020-07-05,44800,26,40441,4333,136,0,324,5840996,5796196,15.57271239827607,136
166,2020-07-06,44983,26,40717,4240,183,0,276,5840996,5796013,15.572680825346351,183
167,2020-07-07,45140,26,41002,4112,157,0,285,5840996,5795856,15.572653737393578,157
168,2020-07-08,45298,26,41323,3949,158,0,321,5840996,5795698,15.572626476165272,158
169,2020-07-09,45423,26,41645,3752,125,0,322,5840996,5795573,15.572604908211247,125
170,2020-07-10,45614,26,41780,3808,191,0,135,5840996,5795382,15.572571951479034,191
171,2020-07-11,45783,26,42026,3731,169,0,246,5840996,5795213,15.572542789904496,169
172,2020-07-12,45961,26,42285,3650,178,0,259,5840996,5795035,15.572512074427138,178
173,2020-07-13,46283,26,42541,3716,322,0,256,5840996,5794713,15.572456508076586,322
174,2020-07-14,46630,27,42737,3866,347,1,196,5840996,5794366,15.572396624111674,347
175,2020-07-15,46878,27,42988,3863,248,0,251,5840996,5794118,15.572353822999805,248
176,2020-07-16,47126,27,43256,3843,248,0,268,5840996,5793870,15.572311020055922,248
177,2020-07-17,47453,27,43577,3849,327,0,321,5840996,5793543,15.572254579502697,327
178,2020-07-18,47655,27,43833,3795,202,0,256,5840996,5793341,15.57221971249272,202
