,Date,Confirmed,Deaths,Recovered,Active,New cases,New deaths,New recovered,Population,Susceptiple,Log susceptiple,Decresed susceptiple
0,2020-01-22,2,0,0,2,0,0,0,69764925,69764923,18.060641905602537,0
1,2020-01-23,3,0,0,3,1,0,0,69764925,69764922,18.060641891268688,1
2,2020-01-24,5,0,0,5,2,0,0,69764925,69764920,18.060641862600985,2
3,2020-01-25,7,0,0,7,2,0,0,69764925,69764918,18.060641833933282,2
4,2020-01-26,8,0,2,6,1,0,2,69764925,69764917,18.06064181959943,1
5,2020-01-27,8,0,2,6,0,0,0,69764925,69764917,18.06064181959943,0
6,2020-01-28,14,0,5,9,6,0,3,69764925,69764911,18.060641733596313,6
7,2020-01-29,14,0,5,9,0,0,0,69764925,69764911,18.060641733596313,0
8,2020-01-30,14,0,5,9,0,0,0,69764925,69764911,18.060641733596313,0
9,2020-01-31,19,0,5,14,5,0,0,69764925,69764906,18.060641661927043,5
10,2020-02-01,19,0,5,14,0,0,0,69764925,69764906,18.060641661927043,0
11,2020-02-02,19,0,5,14,0,0,0,69764925,69764906,18.060641661927043,0
12,2020-02-03,19,0,5,14,0,0,0,69764925,69764906,18.060641661927043,0
13,2020-02-04,25,0,5,20,6,0,0,69764925,69764900,18.060641575923913,6
14,2020-02-05,25,0,5,20,0,0,0,69764925,69764900,18.060641575923913,0
15,2020-02-06,25,0,5,20,0,0,0,69764925,69764900,18.060641575923913,0
16,2020-02-07,25,0,5,20,0,0,0,69764925,69764900,18.060641575923913,0
17,2020-02-08,32,0,10,22,7,0,5,69764925,69764893,18.06064147558692,7
18,2020-02-09,32,0,10,22,0,0,0,69764925,69764893,18.06064147558692,0
19,2020-02-10,32,0,10,22,0,0,0,69764925,69764893,18.06064147558692,0
20,2020-02-11,33,0,10,23,1,0,0,69764925,69764892,18.060641461253063,1
21,2020-02-12,33,0,10,23,0,0,0,69764925,69764892,18.060641461253063,0
22,2020-02-13,33,0,12,21,0,0,2,69764925,69764892,18.060641461253063,0
23,2020-02-14,33,0,12,21,0,0,0,69764925,69764892,18.060641461253063,0
24,2020-02-15,33,0,12,21,0,0,0,69764925,69764892,18.060641461253063,0
25,2020-02-16,34,0,14,20,1,0,2,69764925,69764891,18.060641446919206,1
26,2020-02-17,35,0,15,20,1,0,1,69764925,69764890,18.06064143258535,1
27,2020-02-18,35,0,15,20,0,0,0,69764925,69764890,18.06064143258535,0
28,2020-02-19,35,0,15,20,0,0,0,69764925,69764890,18.06064143258535,0
29,2020-02-20,35,0,15,20,0,0,0,69764925,69764890,18.06064143258535,0
30,2020-02-21,35,0,17,18,0,0,2,69764925,69764890,18.06064143258535,0
31,2020-02-22,35,0,17,18,0,0,0,69764925,69764890,18.06064143258535,0
32,2020-02-23,35,0,21,14,0,0,4,69764925,69764890,18.06064143258535,0
33,2020-02-24,35,0,21,14,0,0,0,69764925,69764890,18.06064143258535,0
34,2020-02-25,37,0,22,15,2,0,1,69764925,69764888,18.060641403917632,2
35,2020-02-26,40,0,22,18,3,0,0,69764925,69764885,18.06064136091606,3
36,2020-02-27,40,0,22,18,0,0,0,69764925,69764885,18.06064136091606,0
37,2020-02-28,41,0,28,13,1,0,6,69764925,69764884,18.060641346582198,1
38,2020-02-29,42,0,28,14,1,0,0,69764925,69764883,18.06064133224834,1
39,2020-03-01,42,1,28,13,0,1,0,69764925,69764883,18.06064133224834,0
40,2020-03-02,43,1,31,11,1,0,3,69764925,69764882,18.06064131791448,1
41,2020-03-03,43,1,31,11,0,0,0,69764925,69764882,18.06064131791448,0
42,2020-03-04,43,1,31,11,0,0,0,69764925,69764882,18.06064131791448,0
43,2020-03-05,47,1,31,15,4,0,0,69764925,69764878,18.060641260579043,4
44,2020-03-06,48,1,31,16,1,0,0,69764925,69764877,18.060641246245183,1
45,2020-03-07,50,1,31,18,2,0,0,69764925,69764875,18.060641217577462,2
46,2020-03-08,50,1,31,18,0,0,0,69764925,69764875,18.060641217577462,0
47,2020-03-09,50,1,31,18,0,0,0,69764925,69764875,18.060641217577462,0
48,2020-03-10,53,1,33,19,3,0,2,69764925,69764872,18.060641174575878,3
49,2020-03-11,59,1,34,24,6,0,1,69764925,69764866,18.06064108857271,6
50,2020-03-12,70,1,34,35,11,0,0,69764925,69764855,18.060640930900206,11
51,2020-03-13,75,1,35,39,5,0,1,69764925,69764850,18.06064085923088,5
52,2020-03-14,82,1,35,46,7,0,0,69764925,69764843,18.060640758893815,7
53,2020-03-15,114,1,35,78,32,0,0,69764925,69764811,18.060640300209958,32
54,2020-03-16,147,1,35,111,33,0,0,69764925,69764778,18.060639827192006,33
55,2020-03-17,177,1,41,135,30,0,6,69764925,69764748,18.060639397175496,30
56,2020-03-18,212,1,42,169,35,0,1,69764925,69764713,18.060638895489333,35
57,2020-03-19,272,1,42,229,60,0,0,69764925,69764653,18.060638035455323,60
58,2020-03-20,322,1,42,279,50,0,0,69764925,69764603,18.060637318759753,50
59,2020-03-21,411,1,42,368,89,0,0,69764925,69764514,18.06063604304036,89
60,2020-03-22,599,1,44,554,188,0,2,69764925,69764326,18.060633348256975,188
61,2020-03-23,721,1,44,676,122,0,0,69764925,69764204,18.06063159951068,122
62,2020-03-24,827,4,52,771,106,3,8,69764925,69764098,18.06063008010568,106
63,2020-03-25,934,4,70,860,107,0,18,69764925,69763991,18.060628546364324,107
64,2020-03-26,1045,4,88,953,111,0,18,69764925,69763880,18.06062695528436,111
65,2020-03-27,1136,5,97,1034,91,1,9,69764925,69763789,18.06062565088358,91
66,2020-03-28,1245,6,97,1142,109,1,0,69764925,69763680,18.060624088467222,109
67,2020-03-29,1388,7,97,1284,143,1,0,69764925,69763537,18.06062203868793,143
68,2020-03-30,1524,9,229,1286,136,2,132,69764925,69763401,18.06062008924359,136
69,2020-03-31,1651,10,342,1299,127,1,113,69764925,69763274,18.06061826880316,127
70,2020-04-01,1771,12,505,1254,120,2,163,69764925,69763154,18.060616548698924,120
71,2020-04-02,1875,15,505,1355,104,3,0,69764925,69763050,18.060615057939525,104
72,2020-04-03,1978,19,612,1347,103,4,107,69764925,69762947,18.06061358151216,103
73,2020-04-04,2067,20,674,1373,89,1,62,69764925,69762858,18.060612305762486,89
74,2020-04-05,2169,23,793,1353,102,3,119,69764925,69762756,18.060610843665355,102
75,2020-04-06,2220,26,793,1401,51,3,0,69764925,69762705,18.06061011261599,51
76,2020-04-07,2258,27,888,1343,38,1,95,69764925,69762667,18.06060956791219,38
77,2020-04-08,2369,30,888,1451,111,3,0,69764925,69762556,18.06060797680203,111
78,2020-04-09,2423,32,940,1451,54,2,52,69764925,69762502,18.060607202747523,54
79,2020-04-10,2473,33,1013,1427,50,1,73,69764925,69762452,18.06060648602985,50
80,2020-04-11,2518,35,1135,1348,45,2,122,69764925,69762407,18.06060584098351,45
81,2020-04-12,2551,38,1218,1295,33,3,83,69764925,69762374,18.06060536794926,33
82,2020-04-13,2579,40,1288,1251,28,2,70,69764925,69762346,18.06060496658669,28
83,2020-04-14,2613,41,1405,1167,34,1,117,69764925,69762312,18.06060447921764,34
84,2020-04-15,2643,43,1497,1103,30,2,92,69764925,69762282,18.06060404918593,30
85,2020-04-16,2672,46,1593,1033,29,3,96,69764925,69762253,18.060603633488434,29
86,2020-04-17,2700,47,1689,964,28,1,96,69764925,69762225,18.060603232125167,28
87,2020-04-18,2733,47,1787,899,33,0,98,69764925,69762192,18.060602759089686,33
88,2020-04-19,2765,47,1928,790,32,0,141,69764925,69762160,18.060602300388396,32
89,2020-04-20,2792,47,1999,746,27,0,71,69764925,69762133,18.060601913359022,27
90,2020-04-21,2811,48,2108,655,19,1,109,69764925,69762114,18.060601641004926,19
91,2020-04-22,2826,49,2352,425,15,1,244,69764925,69762099,18.060601425988484,15
92,2020-04-23,2839,50,2430,359,13,1,78,69764925,69762086,18.060601239640864,13
93,2020-04-24,2907,51,2547,309,68,1,117,69764925,69762018,18.06060026489889,68
94,2020-04-25,2907,51,2547,309,0,0,0,69764925,69762018,18.06060026489889,0
95,2020-04-26,2922,51,2594,277,15,0,47,69764925,69762003,18.060600049882154,15
96,2020-04-27,2931,52,2609,270,9,1,15,69764925,69761994,18.06059992087209,9
97,2020-04-28,2938,54,2652,232,7,2,43,69764925,69761987,18.060599820530914,7
98,2020-04-29,2947,54,2665,228,9,0,13,69764925,69761978,18.06059969152082,9
99,2020-04-30,2954,54,2684,216,7,0,19,69764925,69761971,18.060599591179624,7
100,2020-05-01,2960,54,2719,187,6,0,35,69764925,69761965,18.060599505172874,6
101,2020-05-02,2966,54,2732,180,6,0,13,69764925,69761959,18.06059941916612,6
102,2020-05-03,2969,54,2739,176,3,0,7,69764925,69761956,18.060599376162738,3
103,2020-05-04,2987,54,2740,193,18,0,1,69764925,69761938,18.060599118142417,18
104,2020-05-05,2988,54,2747,187,1,0,7,69764925,69761937,18.060599103807952,1
105,2020-05-06,2989,55,2761,173,1,1,14,69764925,69761936,18.060599089473488,1
106,2020-05-07,2992,55,2772,165,3,0,11,69764925,69761933,18.060599046470095,3
107,2020-05-08,3000,55,2784,161,8,0,12,69764925,69761925,18.060598931794367,8
108,2020-05-09,3004,56,2787,161,4,1,3,69764925,69761921,18.060598874456495,4
109,2020-05-10,3009,56,2794,159,5,0,7,69764925,69761916,18.060598802784156,5
110,2020-05-11,3015,56,2796,163,6,0,2,69764925,69761910,18.06059871677734,6
111,2020-05-12,3017,56,2798,163,2,0,2,69764925,69761908,18.0605986881084,2
112,2020-05-13,3017,56,2844,117,0,0,46,69764925,69761908,18.0605986881084,0
113,2020-05-14,3018,56,2850,112,1,0,6,69764925,69761907,18.060598673773928,1
114,2020-05-15,3025,56,2854,115,7,0,4,69764925,69761900,18.06059857343263,7
115,2020-05-16,3025,56,2855,114,0,0,1,69764925,69761900,18.06059857343263,0
116,2020-05-17,3028,56,2856,116,3,0,1,69764925,69761897,18.060598530429214,3
117,2020-05-18,3031,56,2857,118,3,0,1,69764925,69761894,18.060598487425796,3
118,2020-05-19,3033,56,2857,120,2,0,0,69764925,69761892,18.06059845875685,2
119,2020-05-20,3034,56,2888,90,1,0,31,69764925,69761891,18.060598444422375,1
120,2020-05-21,3037,56,2897,84,3,0,9,69764925,69761888,18.060598401418954,3
121,2020-05-22,3037,56,2910,71,0,0,13,69764925,69761888,18.060598401418954,0
122,2020-05-23,3040,56,2916,68,3,0,6,69764925,69761885,18.06059835841553,3
123,2020-05-24,3040,56,2921,63,0,0,5,69764925,69761885,18.06059835841553,0
124,2020-05-25,3042,57,2928,57,2,1,7,69764925,69761883,18.06059832974658,2
125,2020-05-26,3045,57,2929,59,3,0,1,69764925,69761880,18.06059828674315,3
126,2020-05-27,3054,57,2931,66,9,0,2,69764925,69761871,18.06059815773286,9
127,2020-05-28,3065,57,2945,63,11,0,14,69764925,69761860,18.060598000053588,11
128,2020-05-29,3076,57,2945,74,11,0,0,69764925,69761849,18.060597842374293,11
129,2020-05-30,3077,57,2961,59,1,0,16,69764925,69761848,18.06059782803981,1
130,2020-05-31,3081,57,2963,61,4,0,2,69764925,69761844,18.06059777070188,4
131,2020-06-01,3082,57,2965,60,1,0,2,69764925,69761843,18.060597756367393,1
132,2020-06-02,3083,58,2966,59,1,1,1,69764925,69761842,18.06059774203291,1
133,2020-06-03,3084,58,2968,58,1,0,2,69764925,69761841,18.060597727698426,1
134,2020-06-04,3101,58,2968,75,17,0,0,69764925,69761824,18.060597484012167,17
135,2020-06-05,3102,58,2971,73,1,0,3,69764925,69761823,18.06059746967768,1
136,2020-06-06,3104,58,2971,75,2,0,0,69764925,69761821,18.060597441008703,2
137,2020-06-07,3112,58,2972,82,8,0,1,69764925,69761813,18.060597326332793,8
138,2020-06-08,3119,58,2973,88,7,0,1,69764925,69761806,18.06059722599136,7
139,2020-06-09,3121,58,2973,90,2,0,0,69764925,69761804,18.060597197322377,2
140,2020-06-10,3125,58,2981,86,4,0,8,69764925,69761800,18.060597139984406,4
141,2020-06-11,3125,58,2987,80,0,0,6,69764925,69761800,18.060597139984406,0
142,2020-06-12,3129,58,2987,84,4,0,0,69764925,69761796,18.060597082646435,4
143,2020-06-13,3134,58,2987,89,5,0,0,69764925,69761791,18.060597010973964,5
144,2020-06-14,3135,58,2987,90,1,0,0,69764925,69761790,18.06059699663947,1
145,2020-06-15,3135,58,2987,90,0,0,0,69764925,69761790,18.06059699663947,0
146,2020-06-16,3135,58,2993,84,0,0,6,69764925,69761790,18.06059699663947,0
147,2020-06-17,3135,58,2996,81,0,0,3,69764925,69761790,18.06059699663947,0
148,2020-06-18,3141,58,2997,86,6,0,1,69764925,69761784,18.0605969106325,6
149,2020-06-19,3146,58,3008,80,5,0,11,69764925,69761779,18.06059683896002,5
150,2020-06-20,3147,58,3018,71,1,0,10,69764925,69761778,18.06059682462552,1
151,2020-06-21,3148,58,3018,72,1,0,0,69764925,69761777,18.060596810291024,1
152,2020-06-22,3151,58,3022,71,3,0,4,69764925,69761774,18.06059676728753,3
153,2020-06-23,3156,58,3023,75,5,0,1,69764925,69761769,18.06059669561504,5
154,2020-06-24,3158,58,3038,62,2,0,15,69764925,69761767,18.06059666694604,2
155,2020-06-25,3158,58,3038,62,0,0,0,69764925,69761767,18.06059666694604,0
156,2020-06-26,3162,58,3040,64,4,0,2,69764925,69761763,18.060596609608044,4
157,2020-06-27,3162,58,3053,51,0,0,13,69764925,69761763,18.060596609608044,0
158,2020-06-28,3162,58,3053,51,0,0,0,69764925,69761763,18.060596609608044,0
159,2020-06-29,3169,58,3053,58,7,0,0,69764925,69761756,18.06059650926654,7
160,2020-06-30,3171,58,3056,57,2,0,3,69764925,69761754,18.060596480597532,2
161,2020-07-01,3173,58,3059,56,2,0,3,69764925,69761752,18.06059645192853,2
162,2020-07-02,3179,58,3059,62,6,0,0,69764925,69761746,18.060596365921512,6
163,2020-07-03,3180,58,3066,56,1,0,7,69764925,69761745,18.06059635158701,1
164,2020-07-04,3185,58,3066,61,5,0,0,69764925,69761740,18.060596279914485,5
165,2020-07-05,3190,58,3071,61,5,0,5,69764925,69761735,18.060596208241957,5
166,2020-07-06,3195,58,3072,65,5,0,1,69764925,69761730,18.060596136569426,5
167,2020-07-07,3197,58,3074,65,2,0,2,69764925,69761728,18.060596107900412,2
168,2020-07-08,3197,58,3074,65,0,0,0,69764925,69761728,18.060596107900412,0
169,2020-07-09,3202,58,3085,59,5,0,11,69764925,69761723,18.060596036227874,5
170,2020-07-10,3202,58,3087,57,0,0,2,69764925,69761723,18.060596036227874,0
171,2020-07-11,3216,58,3088,70,14,0,1,69764925,69761709,18.06059583554474,14
172,2020-07-12,3217,58,3088,71,1,0,0,69764925,69761708,18.060595821210224,1
173,2020-07-13,3220,58,3090,72,3,0,2,69764925,69761705,18.06059577820669,3
174,2020-07-14,3227,58,3091,78,7,0,1,69764925,69761698,18.060595677865102,7
175,2020-07-15,3232,58,3092,82,5,0,1,69764925,69761693,18.060595606192532,5
176,2020-07-16,3236,58,3095,83,4,0,3,69764925,69761689,18.060595548854472,4
177,2020-07-17,3239,58,3096,85,3,0,1,69764925,69761686,18.060595505850923,3
178,2020-07-18,3246,58,3096,92,7,0,0,69764925,69761679,18.060595405509307,7
