,Date,Confirmed,Deaths,Recovered,Active,New cases,New deaths,New recovered,Population,Susceptiple,Log susceptiple,Decresed susceptiple
9,2020-01-31,2,0,0,2,2,0,0,67814098,67814096,18.03228063690597,0
10,2020-02-01,2,0,0,2,0,0,0,67814098,67814096,18.03228063690597,0
11,2020-02-02,2,0,0,2,0,0,0,67814098,67814096,18.03228063690597,0
12,2020-02-03,8,0,0,8,6,0,0,67814098,67814090,18.032280548428783,6
13,2020-02-04,8,0,0,8,0,0,0,67814098,67814090,18.032280548428783,0
14,2020-02-05,9,0,0,9,1,0,0,67814098,67814089,18.032280533682588,1
15,2020-02-06,9,0,0,9,0,0,0,67814098,67814089,18.032280533682588,0
16,2020-02-07,9,0,0,9,0,0,0,67814098,67814089,18.032280533682588,0
17,2020-02-08,13,0,0,13,4,0,0,67814098,67814085,18.032280474697792,4
18,2020-02-09,14,0,0,14,1,0,0,67814098,67814084,18.032280459951593,1
19,2020-02-10,14,0,0,14,0,0,0,67814098,67814084,18.032280459951593,0
20,2020-02-11,15,0,0,15,1,0,0,67814098,67814083,18.032280445205394,1
21,2020-02-12,16,0,1,15,1,0,1,67814098,67814082,18.032280430459192,1
22,2020-02-13,17,0,1,16,1,0,0,67814098,67814081,18.032280415712993,1
23,2020-02-14,18,0,1,17,1,0,0,67814098,67814080,18.032280400966794,1
24,2020-02-15,18,0,1,17,0,0,0,67814098,67814080,18.032280400966794,0
25,2020-02-16,18,0,8,10,0,0,7,67814098,67814080,18.032280400966794,0
26,2020-02-17,19,0,8,11,1,0,0,67814098,67814079,18.03228038622059,1
27,2020-02-18,19,0,8,11,0,0,0,67814098,67814079,18.03228038622059,0
28,2020-02-19,20,0,8,12,1,0,0,67814098,67814078,18.032280371474393,1
29,2020-02-20,22,0,8,14,2,0,0,67814098,67814076,18.03228034198199,2
30,2020-02-21,23,0,8,15,1,0,0,67814098,67814075,18.03228032723579,1
31,2020-02-22,23,0,8,15,0,0,0,67814098,67814075,18.03228032723579,0
32,2020-02-23,28,0,8,20,5,0,0,67814098,67814070,18.03228025350478,5
33,2020-02-24,30,0,8,22,2,0,0,67814098,67814068,18.032280224012375,2
34,2020-02-25,34,0,8,26,4,0,0,67814098,67814064,18.03228016502756,4
35,2020-02-26,37,0,8,29,3,0,0,67814098,67814061,18.03228012078895,3
36,2020-02-27,44,0,8,36,7,0,0,67814098,67814054,18.032280017565515,7
37,2020-02-28,56,0,8,48,12,0,0,67814098,67814042,18.03227984061103,12
38,2020-02-29,61,0,8,53,5,0,0,67814098,67814037,18.032279766879984,5
39,2020-03-01,94,0,8,86,33,0,0,67814098,67814004,18.03227928025495,33
40,2020-03-02,134,0,8,126,40,0,0,67814098,67813964,18.032278690406105,40
41,2020-03-03,189,0,8,181,55,0,0,67814098,67813909,18.03227787936338,55
42,2020-03-04,246,0,8,238,57,0,0,67814098,67813852,18.032277038827495,57
43,2020-03-05,295,0,8,287,49,0,0,67814098,67813803,18.032276316260997,49
44,2020-03-06,374,1,8,365,79,1,0,67814098,67813724,18.032275151305743,79
45,2020-03-07,429,2,18,409,55,1,10,67814098,67813669,18.032274340260145,55
46,2020-03-08,483,2,18,463,54,0,0,67814098,67813615,18.03227354396019,54
47,2020-03-09,630,3,18,609,147,1,0,67814098,67813468,18.03227137625155,147
48,2020-03-10,889,7,19,863,259,4,1,67814098,67813209,18.032267556943935,259
49,2020-03-11,1301,7,19,1275,412,0,0,67814098,67812797,18.032261481412963,412
50,2020-03-12,1790,9,19,1762,489,2,0,67814098,67812308,18.03225427035864,489
51,2020-03-13,2270,10,19,2241,480,1,0,67814098,67811828,18.032247191972534,480
52,2020-03-14,2634,28,19,2587,364,18,0,67814098,67811464,18.032241824163,364
53,2020-03-15,3077,43,19,3015,443,15,0,67814098,67811021,18.03223529132296,443
54,2020-03-16,3692,66,21,3605,615,23,2,67814098,67810406,18.032226221959604,615
55,2020-03-17,4462,82,53,4327,770,16,32,67814098,67809636,18.032214866705786,770
56,2020-03-18,5467,116,67,5284,1005,34,14,67814098,67808631,18.03220004569351,1005
57,2020-03-19,6533,159,67,6307,1066,43,0,67814098,67807565,18.032184324857333,1066
58,2020-03-20,7791,195,67,7529,1258,36,0,67814098,67806307,18.032165772183017,1258
59,2020-03-21,9006,251,67,8688,1215,56,0,67814098,67805092,18.032147853335353,1215
60,2020-03-22,10395,286,67,10042,1389,35,0,67814098,67803703,18.03212736793837,1389
61,2020-03-23,12744,360,67,12317,2349,74,0,67814098,67801354,18.032092723212692,2349
62,2020-03-24,15126,509,140,14477,2382,149,73,67814098,67798972,18.032057590553787,2382
63,2020-03-25,17843,696,140,17007,2717,187,0,67814098,67796255,18.03201751539686,2717
64,2020-03-26,20970,880,150,19940,3127,184,10,67814098,67793128,18.03197139084151,3127
65,2020-03-27,24219,1164,151,22904,3249,284,1,67814098,67789879,18.031923464481526,3249
66,2020-03-28,27062,1458,151,25453,2843,294,0,67814098,67787036,18.03188152518824,2843
67,2020-03-29,29954,1673,151,28130,2892,215,0,67814098,67784144,18.03183886125332,2892
68,2020-03-30,34281,2047,171,32063,4327,374,20,67814098,67779817,18.031775024228057,4327
69,2020-03-31,38815,2430,179,36206,4534,383,8,67814098,67775283,18.031708128921252,4534
70,2020-04-01,43789,3101,179,40509,4974,671,0,67814098,67770309,18.03163473664152,4974
71,2020-04-02,48718,3753,192,44773,4929,652,13,67814098,67765380,18.03156200303108,4929
72,2020-04-03,53699,4468,208,49023,4981,715,16,67814098,67760399,18.03148849672049,4981
73,2020-04-04,57772,5229,215,52328,4073,761,7,67814098,67756326,18.031428386058852,4073
74,2020-04-05,61422,5875,229,55318,3650,646,14,67814098,67752676,18.031374515099035,3650
75,2020-04-06,66738,6446,287,60005,5316,571,58,67814098,67747360,18.031296050175193,5316
76,2020-04-07,72224,7484,325,64415,5486,1038,38,67814098,67741874,18.031215069571182,5486
77,2020-04-08,77387,8520,345,68522,5163,1036,20,67814098,67736711,18.031138850883153,5163
78,2020-04-09,82293,9631,359,72303,4906,1111,14,67814098,67731805,18.031066420769545,4906
79,2020-04-10,86660,10784,588,75288,4367,1153,229,67814098,67727438,18.031001943810942,4367
80,2020-04-11,90273,11625,622,78026,3613,841,34,67814098,67723825,18.030948596209438,3613
81,2020-04-12,93812,12311,626,80875,3539,686,4,67814098,67720286,18.03089633849259,3539
82,2020-04-13,98017,13056,304,84657,4205,745,-322,67814098,67716081,18.03083424291081,4205
83,2020-04-14,102365,14107,323,87935,4348,1051,19,67814098,67711733,18.030770031581202,4348
84,2020-04-15,107465,14953,368,92144,5100,846,45,67814098,67706633,18.030694709449456,5100
85,2020-04-16,112808,15986,375,96447,5343,1033,7,67814098,67701290,18.030615792353846,5343
86,2020-04-17,117798,16923,394,100481,4990,937,19,67814098,67696300,18.030542083508625,4990
87,2020-04-18,122534,18041,414,104079,4736,1118,20,67814098,67691564,18.030472121551004,4736
88,2020-04-19,126394,18540,436,107418,3860,499,22,67814098,67687704,18.030415096571357,3860
89,2020-04-20,131260,19105,446,111709,4866,565,10,67814098,67682838,18.030343205007206,4866
90,2020-04-21,136035,20278,638,115119,4775,1173,192,67814098,67678063,18.030272652876324,4775
91,2020-04-22,141540,21125,683,119732,5505,847,45,67814098,67672558,18.030191308587508,5505
92,2020-04-23,146708,21854,712,124142,5168,729,29,67814098,67667390,18.03011493793599,5168
93,2020-04-24,151689,22868,724,128097,4981,1014,12,67814098,67662409,18.030041325176065,4981
94,2020-04-25,155453,23712,774,130967,3764,844,50,67814098,67658645,18.029985694512696,3764
95,2020-04-26,158926,24132,778,134016,3473,420,4,67814098,67655172,18.0299343619869,3473
96,2020-04-27,163630,24473,807,138350,4704,341,29,67814098,67650468,18.02986483051723,4704
97,2020-04-28,168357,25386,813,142158,4727,913,6,67814098,67645741,18.029794954206032,4727
98,2020-04-29,173807,26183,857,146767,5450,797,44,67814098,67640291,18.029714384173452,5450
99,2020-04-30,178771,26859,859,151053,4964,676,2,67814098,67635327,18.02964099326864,4964
100,2020-05-01,183501,27601,892,155008,4730,742,33,67814098,67630597,18.029571056955604,4730
101,2020-05-02,186731,28223,896,157612,3230,622,4,67814098,67627367,18.029523296366797,3230
102,2020-05-03,189708,28538,901,160269,2977,315,5,67814098,67624390,18.02947927475752,2977
103,2020-05-04,193091,28827,910,163354,3383,289,9,67814098,67621007,18.029429247176903,3383
104,2020-05-05,196780,29520,926,166334,3689,693,16,67814098,67617318,18.029374691635773,3689
105,2020-05-06,200616,30172,934,169510,3836,652,8,67814098,67613482,18.029317958997925,3836
106,2020-05-07,204387,30712,970,172705,3771,540,36,67814098,67609711,18.02926218454212,3771
107,2020-05-08,207439,31340,997,175102,3052,628,27,67814098,67606659,18.02921704207896,3052
108,2020-05-09,209589,31685,1001,176903,2150,345,4,67814098,67604509,18.0291852399722,2150
109,2020-05-10,211911,31954,1002,178955,2322,269,1,67814098,67602187,18.02915089256088,2322
110,2020-05-11,215500,32166,1015,182319,3589,212,13,67814098,67598598,18.029097801153153,3589
111,2020-05-12,218895,32797,1023,185075,3395,631,8,67814098,67595203,18.02904757695684,3395
112,2020-05-13,222195,33294,1032,187869,3300,497,9,67814098,67591903,18.02899875573271,3300
113,2020-05-14,224813,33723,1043,190047,2618,429,11,67814098,67589285,18.028960022532644,2618
114,2020-05-15,227334,34108,1047,192179,2521,385,4,67814098,67586764,18.028922723025534,2521
115,2020-05-16,229406,34588,1058,193760,2072,480,11,67814098,67584692,18.028892065665445,2072
116,2020-05-17,231232,34758,1058,195416,1826,170,0,67814098,67582866,18.028865047347928,1826
117,2020-05-18,233809,34918,1090,197801,2577,160,32,67814098,67580289,18.028826915654413,2577
118,2020-05-19,236867,35467,1099,200301,3058,549,9,67814098,67577231,18.028781664750127,3058
119,2020-05-20,239579,35837,1116,202626,2712,370,17,67814098,67574519,18.028741532084435,2712
120,2020-05-21,242133,36175,1134,204824,2554,338,18,67814098,67571965,18.0287037360586,2554
121,2020-05-22,244174,36533,1142,206499,2041,358,8,67814098,67569924,18.028673530768216,2041
122,2020-05-23,245682,36816,1149,207717,1508,283,7,67814098,67568416,18.028651212897504,1508
123,2020-05-24,247037,37257,1151,208629,1355,441,2,67814098,67567061,18.028631158948237,1355
124,2020-05-25,248650,37379,1161,210110,1613,122,10,67814098,67565448,18.028607286084306,1613
125,2020-05-26,250309,37515,1161,211633,1659,136,0,67814098,67563789,18.028582731812605,1659
126,2020-05-27,252118,37958,1166,212994,1809,443,5,67814098,67561980,18.02855595675684,1809
127,2020-05-28,253854,38374,1167,214313,1736,416,1,67814098,67560244,18.028530261501853,1736
128,2020-05-29,255362,38747,1172,215443,1508,373,5,67814098,67558736,18.02850794043341,1508
129,2020-05-30,256469,38977,1187,216305,1107,230,15,67814098,67557629,18.02849155455743,1107
130,2020-05-31,257539,39092,1190,217257,1070,115,3,67814098,67556559,18.028475716102328,1070
131,2020-06-01,258983,39203,1221,218559,1444,111,31,67814098,67555115,18.028454341191377,1444
132,2020-06-02,260453,39530,1224,219699,1470,327,3,67814098,67553645,18.0284325809443,1470
133,2020-06-03,261802,39895,1212,220695,1349,365,-12,67814098,67552296,18.028412611430152,1349
134,2020-06-04,263040,40072,1219,221749,1238,177,7,67814098,67551058,18.02839428472007,1238
135,2020-06-05,264150,40430,1228,222492,1110,358,9,67814098,67549948,18.02837785257004,1110
136,2020-06-06,264944,40637,1230,223077,794,207,2,67814098,67549154,18.0283660982358,794
137,2020-06-07,265662,40714,1239,223709,718,77,9,67814098,67548436,18.028355468882605,718
138,2020-06-08,266756,40769,1255,224732,1094,55,16,67814098,67547342,18.02833927296566,1094
139,2020-06-09,267915,41060,1257,225598,1159,291,2,67814098,67546183,18.028322114482304,1159
140,2020-06-10,269101,41310,1269,226522,1186,250,12,67814098,67544997,18.028304555971083,1186
141,2020-06-11,270108,41462,1278,227368,1007,152,9,67814098,67543990,18.02828964727982,1007
142,2020-06-12,271162,41666,1282,228214,1054,204,4,67814098,67542936,18.02827404251286,1054
143,2020-06-13,272050,41849,1283,228918,888,183,1,67814098,67542048,18.02826089523366,888
144,2020-06-14,272857,41885,1283,229689,807,36,0,67814098,67541241,18.028248947049605,807
145,2020-06-15,273888,41923,1284,230681,1031,38,1,67814098,67540210,18.028233682185444,1031
146,2020-06-16,274971,42159,1293,231519,1083,236,9,67814098,67539127,18.028217647164485,1083
147,2020-06-17,275970,42343,1304,232323,999,184,11,67814098,67538128,18.028202855629075,999
148,2020-06-18,276990,42480,1313,233197,1020,137,9,67814098,67537108,18.028187752934752,1020
149,2020-06-19,277974,42653,1319,234002,984,173,6,67814098,67536124,18.028173183060538,984
150,2020-06-20,278640,42783,1319,234538,666,130,0,67814098,67535458,18.02816332162277,666
151,2020-06-21,279264,42826,1319,235119,624,43,0,67814098,67534834,18.028154081989232,624
152,2020-06-22,280156,42840,1322,235994,892,14,3,67814098,67533942,18.0281408739033,892
153,2020-06-23,281038,43011,1330,236697,882,171,8,67814098,67533060,18.028127813718548,882
154,2020-06-24,281815,43165,1345,237305,777,154,15,67814098,67532283,18.028116308176376,777
155,2020-06-25,282512,43314,1361,237837,697,149,16,67814098,67531586,18.028105987133372,697
156,2020-06-26,283151,43498,1363,238290,639,184,2,67814098,67530947,18.02809652484971,639
157,2020-06-27,283785,43598,1364,238823,634,100,1,67814098,67530313,18.028087136517332,634
158,2020-06-28,284192,43634,1364,239194,407,36,0,67814098,67529906,18.028081109576117,407
159,2020-06-29,284812,43659,1368,239785,620,25,4,67814098,67529286,18.028071928416498,620
160,2020-06-30,285216,43815,1370,240031,404,156,2,67814098,67528882,18.02806594580906,404
161,2020-07-01,285279,43991,1372,239916,63,176,2,67814098,67528819,18.028065012874478,63
162,2020-07-02,285285,44080,1373,239832,6,89,1,67814098,67528813,18.02806492402352,6
163,2020-07-03,285787,44216,1375,240196,502,136,2,67814098,67528311,18.028057490132067,502
164,2020-07-04,286412,44283,1375,240754,625,67,0,67814098,67527686,18.028048234711886,625
165,2020-07-05,286931,44305,1375,241251,519,22,0,67814098,67527167,18.028040548945867,519
166,2020-07-06,287290,44321,1375,241594,359,16,0,67814098,67526808,18.02803523255292,359
167,2020-07-07,287874,44476,1375,242023,584,155,0,67814098,67526224,18.028026584098438,584
168,2020-07-08,288511,44602,1378,242531,637,126,3,67814098,67525587,18.02801715068181,637
169,2020-07-09,289154,44687,1378,243089,643,85,0,67814098,67524944,18.028007628320136,643
170,2020-07-10,289678,44735,1378,243565,524,48,0,67814098,67524420,18.027999868194733,524
171,2020-07-11,290504,44883,1378,244243,826,148,0,67814098,67523594,18.027987635508367,826
172,2020-07-12,291154,44904,1378,244872,650,21,0,67814098,67522944,18.027978009197174,650
173,2020-07-13,291691,44915,1384,245392,537,11,6,67814098,67522407,18.027970056313258,537
174,2020-07-14,292931,45053,1385,246493,1240,138,1,67814098,67521167,18.027951691870385,1240
175,2020-07-15,293469,45138,1386,246945,538,85,1,67814098,67520629,18.027943723966878,538
176,2020-07-16,294116,45204,1403,247509,647,66,17,67814098,67519982,18.02793414166426,647
177,2020-07-17,294803,45318,1403,248082,687,114,0,67814098,67519295,18.027923966846753,687
178,2020-07-18,295632,45358,1413,248861,829,40,10,67814098,67518466,18.027911688799577,829
