,Date,Confirmed,Deaths,Recovered,Active,New cases,New deaths,New recovered,Population,Susceptiple,Log susceptiple,Decresed susceptiple
0,2020-01-22,1,0,0,1,0,0,0,330610570,330610569,19.6164517119872,0
1,2020-01-23,1,0,0,1,0,0,0,330610570,330610569,19.6164517119872,0
2,2020-01-24,2,0,0,2,1,0,0,330610570,330610568,19.616451708962494,1
3,2020-01-25,2,0,0,2,0,0,0,330610570,330610568,19.616451708962494,0
4,2020-01-26,5,0,0,5,3,0,0,330610570,330610565,19.616451699888373,3
5,2020-01-27,5,0,0,5,0,0,0,330610570,330610565,19.616451699888373,0
6,2020-01-28,5,0,0,5,0,0,0,330610570,330610565,19.616451699888373,0
7,2020-01-29,5,0,0,5,0,0,0,330610570,330610565,19.616451699888373,0
8,2020-01-30,5,0,0,5,0,0,0,330610570,330610565,19.616451699888373,0
9,2020-01-31,7,0,0,7,2,0,0,330610570,330610563,19.61645169383896,2
10,2020-02-01,8,0,0,8,1,0,0,330610570,330610562,19.616451690814255,1
11,2020-02-02,8,0,0,8,0,0,0,330610570,330610562,19.616451690814255,0
12,2020-02-03,11,0,0,11,3,0,0,330610570,330610559,19.616451681740134,3
13,2020-02-04,11,0,0,11,0,0,0,330610570,330610559,19.616451681740134,0
14,2020-02-05,11,0,0,11,0,0,0,330610570,330610559,19.616451681740134,0
15,2020-02-06,11,0,0,11,0,0,0,330610570,330610559,19.616451681740134,0
16,2020-02-07,11,0,0,11,0,0,0,330610570,330610559,19.616451681740134,0
17,2020-02-08,11,0,0,11,0,0,0,330610570,330610559,19.616451681740134,0
18,2020-02-09,11,0,3,8,0,0,3,330610570,330610559,19.616451681740134,0
19,2020-02-10,11,0,3,8,0,0,0,330610570,330610559,19.616451681740134,0
20,2020-02-11,12,0,3,9,1,0,0,330610570,330610558,19.61645167871543,1
21,2020-02-12,12,0,3,9,0,0,0,330610570,330610558,19.61645167871543,0
22,2020-02-13,13,0,3,10,1,0,0,330610570,330610557,19.61645167569072,1
23,2020-02-14,13,0,3,10,0,0,0,330610570,330610557,19.61645167569072,0
24,2020-02-15,13,0,3,10,0,0,0,330610570,330610557,19.61645167569072,0
25,2020-02-16,13,0,3,10,0,0,0,330610570,330610557,19.61645167569072,0
26,2020-02-17,13,0,3,10,0,0,0,330610570,330610557,19.61645167569072,0
27,2020-02-18,13,0,3,10,0,0,0,330610570,330610557,19.61645167569072,0
28,2020-02-19,13,0,3,10,0,0,0,330610570,330610557,19.61645167569072,0
29,2020-02-20,13,0,3,10,0,0,0,330610570,330610557,19.61645167569072,0
30,2020-02-21,15,0,5,10,2,0,2,330610570,330610555,19.616451669641307,2
31,2020-02-22,15,0,5,10,0,0,0,330610570,330610555,19.616451669641307,0
32,2020-02-23,15,0,5,10,0,0,0,330610570,330610555,19.616451669641307,0
33,2020-02-24,15,0,5,10,0,0,0,330610570,330610555,19.616451669641307,0
34,2020-02-25,15,0,6,9,0,0,1,330610570,330610555,19.616451669641307,0
35,2020-02-26,15,0,6,9,0,0,0,330610570,330610555,19.616451669641307,0
36,2020-02-27,16,0,6,10,1,0,0,330610570,330610554,19.616451666616598,1
37,2020-02-28,16,0,7,9,0,0,1,330610570,330610554,19.616451666616598,0
38,2020-02-29,24,1,7,16,8,1,0,330610570,330610546,19.616451642418944,8
39,2020-03-01,30,1,7,22,6,0,0,330610570,330610540,19.616451624270702,6
40,2020-03-02,53,6,7,40,23,5,0,330610570,330610517,19.61645155470244,23
41,2020-03-03,73,7,7,59,20,1,0,330610570,330610497,19.616451494208295,20
42,2020-03-04,104,11,7,86,31,4,0,330610570,330610466,19.616451400442365,31
43,2020-03-05,174,12,7,155,70,1,0,330610570,330610396,19.616451188712805,70
44,2020-03-06,222,14,7,201,48,2,0,330610570,330610348,19.616451043526798,48
45,2020-03-07,337,17,7,313,115,3,0,330610570,330610233,19.616450695685238,115
46,2020-03-08,451,21,7,423,114,4,0,330610570,330610119,19.616450350868263,114
47,2020-03-09,519,22,7,490,68,1,0,330610570,330610051,19.61645014518791,68
48,2020-03-10,711,28,8,675,192,6,1,330610570,330609859,19.616449564443144,192
49,2020-03-11,1109,33,8,1068,398,5,0,330610570,330609461,19.616448360606572,398
50,2020-03-12,1561,43,12,1506,452,10,4,330610570,330609009,19.61644699343363,452
51,2020-03-13,2157,52,12,2093,596,9,0,330610570,330608413,19.61644519069831,596
52,2020-03-14,2870,58,12,2800,713,6,0,330610570,330607700,19.61644303406605,713
53,2020-03-15,2968,70,12,2886,98,12,0,330610570,330607602,19.61644273764218,98
54,2020-03-16,4360,97,17,4246,1392,27,5,330610570,330606210,19.61643852720382,1392
55,2020-03-17,6141,131,17,5993,1781,34,0,330610570,330604429,19.616433140115664,1781
56,2020-03-18,8917,188,105,8624,2776,57,88,330610570,330601653,19.616424743338698,2776
57,2020-03-19,14157,265,121,13771,5240,77,16,330610570,330596413,19.616408893322586,5240
58,2020-03-20,19479,362,147,18970,5322,97,26,330610570,330591091,19.616392795014715,5322
59,2020-03-21,25825,456,176,25193,6346,94,29,330610570,330584745,19.61637359891088,6346
60,2020-03-22,33761,601,178,32982,7936,145,2,330610570,330576809,19.61634959267533,7936
61,2020-03-23,43850,784,178,42888,10089,183,0,330610570,330566720,19.616319072827345,10089
62,2020-03-24,54112,1021,348,52743,10262,237,170,330610570,330556458,19.616288028688093,10262
63,2020-03-25,66055,1333,361,64361,11943,312,13,330610570,330544515,19.616251898049992,11943
64,2020-03-26,84091,1746,681,81664,18036,413,320,330610570,330526479,19.616197332049765,18036
65,2020-03-27,102276,2300,869,99107,18185,554,188,330610570,330508294,19.61614231225127,18185
66,2020-03-28,122069,2934,1072,118063,19793,634,203,330610570,330488501,19.61608242391246,19793
67,2020-03-29,141205,3561,2665,134979,19136,627,1593,330610570,330469365,19.6160245200702,19136
68,2020-03-30,162707,4381,5644,152682,21502,820,2979,330610570,330447863,19.6159594529208,21502
69,2020-03-31,188724,5605,7024,176095,26017,1224,1380,330610570,330421846,19.615880717279996,26017
70,2020-04-01,214205,6846,8474,198885,25481,1241,1450,330610570,330396365,19.615803597734597,25481
71,2020-04-02,244610,8432,9001,227177,30405,1586,527,330610570,330365960,19.615711567669106,30405
72,2020-04-03,276547,9747,9707,257093,31937,1315,706,330610570,330334023,19.615614891414083,31937
73,2020-04-04,309699,11031,14652,284016,33152,1284,4945,330610570,330300871,19.61551452735421,33152
74,2020-04-05,337573,12470,17448,307655,27874,1439,2796,330610570,330272997,19.6154301340672,27874
75,2020-04-06,367215,14138,19581,333496,29642,1668,2133,330610570,330243355,19.615340380043914,29642
76,2020-04-07,397992,16447,21763,359782,30777,2309,2182,330610570,330212578,19.61524718079023,30777
77,2020-04-08,429686,18563,23559,387564,31694,2116,1796,330610570,330180884,19.61515119558793,31694
78,2020-04-09,464442,20638,25410,418394,34756,2075,1851,330610570,330146128,19.615045926533657,34756
79,2020-04-10,497943,22731,28790,446422,33501,2093,3380,330610570,330112627,19.614944448136665,33501
80,2020-04-11,527969,24777,31270,471922,30026,2046,2480,330610570,330082601,19.61485348716407,30026
81,2020-04-12,556522,26548,32988,496986,28553,1771,1718,330610570,330054048,19.614766980832204,28553
82,2020-04-13,581813,28376,43482,509955,25291,1828,10494,330610570,330028757,19.614690351052364,25291
83,2020-04-14,608878,30780,47763,530335,27065,2404,4281,330610570,330001692,19.614608339684384,27065
84,2020-04-15,637974,33329,52096,552549,29096,2549,4333,330610570,329972596,19.614520166552346,29096
85,2020-04-16,669272,35442,54703,579127,31298,2113,2607,330610570,329941298,19.614425311752928,31298
86,2020-04-17,701996,38056,58545,605395,32724,2614,3842,330610570,329908574,19.614326125554932,32724
87,2020-04-18,730337,40442,64840,625055,28341,2386,6295,330610570,329880233,19.61424021624663,28341
88,2020-04-19,756375,41671,70337,644367,26038,1229,5497,330610570,329854195,19.614161281454358,26038
89,2020-04-20,783716,43466,72329,667921,27341,1795,1992,330610570,329826854,19.614078389881055,27341
90,2020-04-21,809318,45923,75204,688191,25602,2457,2875,330610570,329801252,19.61400076432271,25602
91,2020-04-22,837422,48312,77366,711744,28104,2389,2162,330610570,329773148,19.613915545733217,28104
92,2020-04-23,871617,50749,80203,740665,34195,2437,2837,330610570,329738953,19.613811847863296,34195
93,2020-04-24,907908,52867,99079,755962,36291,2118,18876,330610570,329702662,19.613701782016037,36291
94,2020-04-25,940829,54517,100372,785940,32921,1650,1293,330610570,329669741,19.613601926456788,32921
95,2020-04-26,968518,55810,106988,805720,27689,1293,6616,330610570,329642052,19.61351793281278,27689
96,2020-04-27,990983,57235,111424,822324,22465,1425,4436,330610570,329619587,19.61344978081157,22465
97,2020-04-28,1015518,59454,115936,840128,24535,2219,4512,330610570,329595052,19.613375343750985,24535
98,2020-04-29,1043038,61960,120720,860358,27520,2506,4784,330610570,329567532,19.613291843865877,27520
99,2020-04-30,1072667,64256,153947,854464,29629,2296,33227,330610570,329537903,19.613201937157644,29629
100,2020-05-01,1106829,66125,164015,876689,34162,1869,10068,330610570,329503741,19.613098265408393,34162
101,2020-05-02,1136024,67681,175382,892961,29195,1556,11367,330610570,329474546,19.613009658543508,29195
102,2020-05-03,1161611,68777,180152,912682,25587,1096,4770,330610570,329448959,19.612931995507303,25587
103,2020-05-04,1184086,70086,187180,926820,22475,1309,7028,330610570,329426484,19.612863773204445,22475
104,2020-05-05,1208271,72393,189791,946087,24185,2307,2611,330610570,329402299,19.612790355039863,24185
105,2020-05-06,1233527,74851,189910,968766,25256,2458,119,330610570,329377043,19.61271367989721,25256
106,2020-05-07,1261409,76770,195036,989603,27882,1919,5126,330610570,329349161,19.612629025605802,27882
107,2020-05-08,1288587,78497,198993,1011097,27178,1727,3957,330610570,329321983,19.612546501875215,27178
108,2020-05-09,1314320,79976,212534,1021810,25733,1479,13541,330610570,329296250,19.612468359489466,25733
109,2020-05-10,1334084,80855,216169,1037060,19764,879,3635,330610570,329276486,19.61240833878431,19764
110,2020-05-11,1352962,81868,232733,1038361,18878,1013,16564,330610570,329257608,19.612351005382205,18878
111,2020-05-12,1375152,83483,230287,1061382,22190,1615,-2446,330610570,329235418,19.61228360907235,22190
112,2020-05-13,1396110,85234,243430,1067446,20958,1751,13143,330610570,329214460,19.612219950468386,20958
113,2020-05-14,1423727,87008,246414,1090305,27617,1774,2984,330610570,329186843,19.61213605938284,27617
114,2020-05-15,1449027,88669,250747,1109611,25300,1661,4333,330610570,329161543,19.612059200380678,25300
115,2020-05-16,1474128,89892,268376,1115860,25101,1223,17629,330610570,329136442,19.61198294008341,25101
116,2020-05-17,1493132,90644,272265,1130223,19004,752,3889,330610570,329117438,19.611925199443874,19004
117,2020-05-18,1514901,91414,283178,1140309,21769,770,10913,330610570,329095669,19.611859053693276,21769
118,2020-05-19,1535350,92965,289392,1152993,20449,1551,6214,330610570,329075220,19.61179691481613,20449
119,2020-05-20,1559157,94533,294312,1170312,23807,1568,4920,330610570,329051413,19.6117245670374,23807
120,2020-05-21,1584512,95756,298418,1190338,25355,1223,4106,330610570,329026058,19.61164750924062,25355
121,2020-05-22,1608653,97025,350135,1161493,24141,1269,51717,330610570,329001917,19.61157413546039,24141
122,2020-05-23,1630476,98146,361239,1171091,21823,1121,11104,330610570,328980094,19.6115078023399,21823
123,2020-05-24,1651289,98754,366736,1185799,20813,608,5497,330610570,328959281,19.61144453511256,20813
124,2020-05-25,1670280,99267,379157,1191856,18991,513,12421,330610570,328940290,19.611386802896757,18991
125,2020-05-26,1689163,99952,384902,1204309,18883,685,5745,330610570,328921407,19.61132939569372,18883
126,2020-05-27,1707445,101461,391508,1214476,18282,1509,6606,330610570,328903125,19.611273812482345,18282
127,2020-05-28,1730260,102643,399991,1227626,22815,1182,8483,330610570,328880310,19.611204443146494,22815
128,2020-05-29,1754764,103809,406446,1244509,24504,1166,6455,330610570,328855806,19.611129933021797,24504
129,2020-05-30,1779214,104778,416461,1257975,24450,969,10015,330610570,328831356,19.611055581562855,24450
130,2020-05-31,1799124,105364,444758,1249002,19910,586,28297,330610570,328811446,19.610995031975918,19910
131,2020-06-01,1816479,106136,458231,1252112,17355,772,13473,330610570,328794091,19.61094224957362,17355
132,2020-06-02,1837374,107169,463868,1266337,20895,1033,5637,330610570,328773196,19.61087869714204,20895
133,2020-06-03,1857332,108159,479258,1269915,19958,990,15390,330610570,328753238,19.6108179908374,19958
134,2020-06-04,1878683,109168,485002,1284513,21351,1009,5744,330610570,328731887,19.61075304336043,21351
135,2020-06-05,1903907,110138,491706,1302063,25224,970,6704,330610570,328706663,19.610676309192613,25224
136,2020-06-06,1926639,110818,500849,1314972,22732,680,9143,330610570,328683931,19.6106071509168,22732
137,2020-06-07,1944370,111269,506367,1326734,17731,451,5518,330610570,328666200,19.610553204019496,17731
138,2020-06-08,1961785,111774,518522,1331489,17415,505,12155,330610570,328648785,19.61050021572499,17415
139,2020-06-09,1979912,112714,524855,1342343,18127,940,6333,330610570,328630658,19.610445058058954,18127
140,2020-06-10,2000706,113631,533504,1353571,20794,917,8649,330610570,328609864,19.610381781376184,20794
141,2020-06-11,2023656,114512,540292,1368852,22950,881,6788,330610570,328586914,19.610311939280855,22950
142,2020-06-12,2048986,115334,547386,1386266,25330,822,7094,330610570,328561584,19.61023484863821,25330
143,2020-06-13,2074542,116084,556606,1401852,25556,750,9220,330610570,328536028,19.610157064152173,25556
144,2020-06-14,2094366,116382,561816,1416168,19824,298,5210,330610570,328516204,19.610096721917444,19824
145,2020-06-15,2114026,116773,576334,1420919,19660,391,14518,330610570,328496544,19.61003687528565,19660
146,2020-06-16,2137731,117612,583503,1436616,23705,839,7169,330610570,328472839,19.609964710583238,23705
147,2020-06-17,2163290,118363,592191,1452736,25559,751,8688,330610570,328447280,19.609886895947106,25559
148,2020-06-18,2191099,119067,599115,1472917,27809,704,6924,330610570,328419471,19.609802224284326,27809
149,2020-06-19,2222579,119739,606715,1496125,31480,672,7600,330610570,328387991,19.609706366664412,31480
150,2020-06-20,2255328,120349,617460,1517519,32749,610,10745,330610570,328355242,19.609606635145667,32749
151,2020-06-21,2281767,120604,622133,1539030,26439,255,4673,330610570,328328803,19.60952611240352,26439
152,2020-06-22,2312303,121010,640198,1551095,30536,406,18065,330610570,328298267,19.60943310374939,30536
153,2020-06-23,2347491,121847,647548,1578096,35188,837,7350,330610570,328263079,19.60932591498402,35188
154,2020-06-24,2382426,122604,656161,1603661,34935,757,8613,330610570,328228144,19.609219485533604,34935
155,2020-06-25,2422299,125026,663562,1633711,39873,2422,7401,330610570,328188271,19.6090979986264,39873
156,2020-06-26,2467554,125631,670809,1671114,45255,605,7247,330610570,328143016,19.60896009570765,45255
157,2020-06-27,2510259,126120,679308,1704831,42705,489,8499,330610570,328100311,19.608829945812623,42705
158,2020-06-28,2549864,126361,685164,1738339,39605,241,5856,330610570,328060706,19.608709228491655,39605
159,2020-06-29,2590668,126711,705203,1758754,40804,350,20039,330610570,328019902,19.60858484133692,40804
160,2020-06-30,2636414,127432,720631,1788351,45746,721,15428,330610570,327974156,19.608445370561185,45746
161,2020-07-01,2687588,128105,729994,1829489,51174,673,9363,330610570,327922982,19.608289327800396,51174
162,2020-07-02,2742049,128803,781970,1831276,54461,698,51976,330610570,327868521,19.60812323537658,54461
163,2020-07-03,2795361,129442,790404,1875515,53312,639,8434,330610570,327815209,19.607960620391097,53312
164,2020-07-04,2841241,129689,894325,1817227,45880,247,103921,330610570,327769329,19.607820653697512,45880
165,2020-07-05,2891124,129960,906763,1854401,49883,271,12438,330610570,327719446,19.607668452768987,49883
166,2020-07-06,2936077,130285,924148,1881644,44953,325,17385,330610570,327674493,19.607531274203865,44953
167,2020-07-07,2996098,131480,936476,1928142,60021,1195,12328,330610570,327614472,19.607348084791642,60021
168,2020-07-08,3054699,132300,953462,1968937,58601,820,16986,330610570,327555871,19.607169196962598,58601
169,2020-07-09,3117946,133290,969111,2015545,63247,990,15649,330610570,327492624,19.606976090648548,63247
170,2020-07-10,3185737,134101,983185,2068451,67791,811,14074,330610570,327424833,19.606769069139144,67791
171,2020-07-11,3245925,134777,995576,2115572,60188,676,12391,330610570,327364645,19.60658522989862,60188
172,2020-07-12,3304942,135205,1006326,2163411,59017,428,10750,330610570,327305628,19.606404934557304,59017
173,2020-07-13,3364157,135566,1031939,2196652,59215,361,25613,330610570,327246413,19.60622400165525,59215
174,2020-07-14,3431574,136466,1049098,2246010,67417,900,17159,330610570,327178996,19.606017967478362,67417
175,2020-07-15,3498902,137415,1075882,2285605,67328,949,26784,330610570,327111668,19.605812162921026,67328
176,2020-07-16,3576157,138358,1090645,2347154,77255,943,14763,330610570,327034413,19.605575961856452,77255
177,2020-07-17,3647715,139266,1107204,2401245,71558,908,16559,330610570,326962855,19.60535712913715,71558
178,2020-07-18,3711413,140119,1122720,2448574,63698,853,15516,330610570,326899157,19.60516229292085,63698
179,2020-07-19,3773260,140534,1131121,2501605,61847,415,8401,330610570,326837310,19.604973082120146,61847
180,2020-07-20,3834677,141025,1160087,2533565,61417,491,28966,330610570,326775893,19.60478515139935,61417
181,2020-07-21,3899211,142121,1182018,2575072,64534,1096,21931,330610570,326711359,19.60458764486801,64534
182,2020-07-22,3970121,143316,1210849,2615956,70910,1195,28831,330610570,326640449,19.604370579576656,70910
183,2020-07-23,4038816,144430,1233269,2661117,68695,1114,22420,330610570,326571754,19.60416024976366,68695
184,2020-07-24,4112531,145560,1261624,2705347,73715,1130,28355,330610570,326498039,19.60393450053715,73715
185,2020-07-25,4178970,146465,1279414,2753091,66439,905,17790,330610570,326431600,19.60373099009357,66439
186,2020-07-26,4233923,146935,1297863,2789125,54953,470,18449,330610570,326376647,19.60356263131323,54953
187,2020-07-27,4290259,148011,1325804,2816444,56336,1076,27941,330610570,326320311,19.603390006025343,56336
