,Date,Confirmed,Deaths,Recovered,Active,New cases,New deaths,New recovered,Population,Susceptiple,Log susceptiple,Decresed susceptiple
1,2020-01-23,2,0,0,2,2,0,0,97160127,97160125,18.391870948635088,0
2,2020-01-24,2,0,0,2,0,0,0,97160127,97160125,18.391870948635088,0
3,2020-01-25,2,0,0,2,0,0,0,97160127,97160125,18.391870948635088,0
4,2020-01-26,2,0,0,2,0,0,0,97160127,97160125,18.391870948635088,0
5,2020-01-27,2,0,0,2,0,0,0,97160127,97160125,18.391870948635088,0
6,2020-01-28,2,0,0,2,0,0,0,97160127,97160125,18.391870948635088,0
7,2020-01-29,2,0,0,2,0,0,0,97160127,97160125,18.391870948635088,0
8,2020-01-30,2,0,0,2,0,0,0,97160127,97160125,18.391870948635088,0
9,2020-01-31,2,0,0,2,0,0,0,97160127,97160125,18.391870948635088,0
10,2020-02-01,6,0,1,5,4,0,1,97160127,97160121,18.391870907465936,4
11,2020-02-02,6,0,1,5,0,0,0,97160127,97160121,18.391870907465936,0
12,2020-02-03,8,0,1,7,2,0,0,97160127,97160119,18.391870886881357,2
13,2020-02-04,8,0,1,7,0,0,0,97160127,97160119,18.391870886881357,0
14,2020-02-05,8,0,1,7,0,0,0,97160127,97160119,18.391870886881357,0
15,2020-02-06,10,0,1,9,2,0,0,97160127,97160117,18.39187086629678,2
16,2020-02-07,10,0,1,9,0,0,0,97160127,97160117,18.39187086629678,0
17,2020-02-08,13,0,1,12,3,0,0,97160127,97160114,18.391870835419912,3
18,2020-02-09,13,0,1,12,0,0,0,97160127,97160114,18.391870835419912,0
19,2020-02-10,14,0,1,13,1,0,0,97160127,97160113,18.391870825127622,1
20,2020-02-11,15,0,6,9,1,0,5,97160127,97160112,18.391870814835332,1
21,2020-02-12,15,0,6,9,0,0,0,97160127,97160112,18.391870814835332,0
22,2020-02-13,16,0,7,9,1,0,1,97160127,97160111,18.391870804543043,1
23,2020-02-14,16,0,7,9,0,0,0,97160127,97160111,18.391870804543043,0
24,2020-02-15,16,0,7,9,0,0,0,97160127,97160111,18.391870804543043,0
25,2020-02-16,16,0,7,9,0,0,0,97160127,97160111,18.391870804543043,0
26,2020-02-17,16,0,7,9,0,0,0,97160127,97160111,18.391870804543043,0
27,2020-02-18,16,0,7,9,0,0,0,97160127,97160111,18.391870804543043,0
28,2020-02-19,16,0,7,9,0,0,0,97160127,97160111,18.391870804543043,0
29,2020-02-20,16,0,7,9,0,0,0,97160127,97160111,18.391870804543043,0
30,2020-02-21,16,0,14,2,0,0,7,97160127,97160111,18.391870804543043,0
31,2020-02-22,16,0,14,2,0,0,0,97160127,97160111,18.391870804543043,0
32,2020-02-23,16,0,14,2,0,0,0,97160127,97160111,18.391870804543043,0
33,2020-02-24,16,0,14,2,0,0,0,97160127,97160111,18.391870804543043,0
34,2020-02-25,16,0,16,0,0,0,2,97160127,97160111,18.391870804543043,0
35,2020-02-26,16,0,16,0,0,0,0,97160127,97160111,18.391870804543043,0
36,2020-02-27,16,0,16,0,0,0,0,97160127,97160111,18.391870804543043,0
37,2020-02-28,16,0,16,0,0,0,0,97160127,97160111,18.391870804543043,0
38,2020-02-29,16,0,16,0,0,0,0,97160127,97160111,18.391870804543043,0
39,2020-03-01,16,0,16,0,0,0,0,97160127,97160111,18.391870804543043,0
40,2020-03-02,16,0,16,0,0,0,0,97160127,97160111,18.391870804543043,0
41,2020-03-03,16,0,16,0,0,0,0,97160127,97160111,18.391870804543043,0
42,2020-03-04,16,0,16,0,0,0,0,97160127,97160111,18.391870804543043,0
43,2020-03-05,16,0,16,0,0,0,0,97160127,97160111,18.391870804543043,0
44,2020-03-06,16,0,16,0,0,0,0,97160127,97160111,18.391870804543043,0
45,2020-03-07,18,0,16,2,2,0,0,97160127,97160109,18.391870783958463,2
46,2020-03-08,30,0,16,14,12,0,0,97160127,97160097,18.39187066045098,12
47,2020-03-09,30,0,16,14,0,0,0,97160127,97160097,18.39187066045098,0
48,2020-03-10,31,0,16,15,1,0,0,97160127,97160096,18.391870650158687,1
49,2020-03-11,38,0,16,22,7,0,0,97160127,97160089,18.39187057811265,7
50,2020-03-12,39,0,16,23,1,0,0,97160127,97160088,18.391870567820355,1
51,2020-03-13,47,0,16,31,8,0,0,97160127,97160080,18.391870485482016,8
52,2020-03-14,53,0,16,37,6,0,0,97160127,97160074,18.391870423728257,6
53,2020-03-15,56,0,16,40,3,0,0,97160127,97160071,18.391870392851374,3
54,2020-03-16,61,0,16,45,5,0,0,97160127,97160066,18.391870341389904,5
55,2020-03-17,66,0,16,50,5,0,0,97160127,97160061,18.39187028992843,5
56,2020-03-18,75,0,16,59,9,0,0,97160127,97160052,18.391870197297774,9
57,2020-03-19,85,0,16,69,10,0,0,97160127,97160042,18.39187009437481,10
58,2020-03-20,91,0,16,75,6,0,0,97160127,97160036,18.391870032621025,6
59,2020-03-21,94,0,17,77,3,0,1,97160127,97160033,18.391870001744135,3
60,2020-03-22,113,0,17,96,19,0,0,97160127,97160014,18.391869806190453,19
61,2020-03-23,123,0,17,106,10,0,0,97160127,97160004,18.39186970326745,10
62,2020-03-24,134,0,17,117,11,0,0,97160127,97159993,18.391869590052135,11
63,2020-03-25,141,0,17,124,7,0,0,97160127,97159986,18.391869518006015,7
64,2020-03-26,153,0,20,133,12,0,3,97160127,97159974,18.391869394498375,12
65,2020-03-27,163,0,20,143,10,0,0,97160127,97159964,18.39186929157533,10
66,2020-03-28,174,0,21,153,11,0,1,97160127,97159953,18.391869178359965,11
67,2020-03-29,188,0,25,163,14,0,4,97160127,97159939,18.391869034267668,14
68,2020-03-30,203,0,55,148,15,0,30,97160127,97159924,18.391868879883038,15
69,2020-03-31,212,0,58,154,9,0,3,97160127,97159915,18.391868787252246,9
70,2020-04-01,218,0,63,155,6,0,5,97160127,97159909,18.391868725498384,6
71,2020-04-02,233,0,75,158,15,0,12,97160127,97159894,18.391868571113708,15
72,2020-04-03,237,0,85,152,4,0,10,97160127,97159890,18.391868529944457,4
73,2020-04-04,240,0,90,150,3,0,5,97160127,97159887,18.391868499067517,3
74,2020-04-05,241,0,90,151,1,0,0,97160127,97159886,18.391868488775202,1
75,2020-04-06,245,0,95,150,4,0,5,97160127,97159882,18.391868447605948,4
76,2020-04-07,249,0,123,126,4,0,28,97160127,97159878,18.391868406436693,4
77,2020-04-08,251,0,126,125,2,0,3,97160127,97159876,18.391868385852064,2
78,2020-04-09,255,0,128,127,4,0,2,97160127,97159872,18.391868344682806,4
79,2020-04-10,257,0,144,113,2,0,16,97160127,97159870,18.391868324098173,2
80,2020-04-11,258,0,144,114,1,0,0,97160127,97159869,18.39186831380586,1
81,2020-04-12,262,0,144,118,4,0,0,97160127,97159865,18.391868272636597,4
82,2020-04-13,265,0,146,119,3,0,2,97160127,97159862,18.39186824175965,3
83,2020-04-14,266,0,169,97,1,0,23,97160127,97159861,18.391868231467335,1
84,2020-04-15,267,0,171,96,1,0,2,97160127,97159860,18.391868221175017,1
85,2020-04-16,268,0,177,91,1,0,6,97160127,97159859,18.391868210882702,1
86,2020-04-17,268,0,198,70,0,0,21,97160127,97159859,18.391868210882702,0
87,2020-04-18,268,0,201,67,0,0,3,97160127,97159859,18.391868210882702,0
88,2020-04-19,268,0,202,66,0,0,1,97160127,97159859,18.391868210882702,0
89,2020-04-20,268,0,214,54,0,0,12,97160127,97159859,18.391868210882702,0
90,2020-04-21,268,0,216,52,0,0,2,97160127,97159859,18.391868210882702,0
91,2020-04-22,268,0,223,45,0,0,7,97160127,97159859,18.391868210882702,0
92,2020-04-23,268,0,224,44,0,0,1,97160127,97159859,18.391868210882702,0
93,2020-04-24,270,0,220,50,2,0,-4,97160127,97159857,18.39186819029807,2
94,2020-04-25,270,0,225,45,0,0,5,97160127,97159857,18.39186819029807,0
95,2020-04-26,270,0,225,45,0,0,0,97160127,97159857,18.39186819029807,0
96,2020-04-27,270,0,225,45,0,0,0,97160127,97159857,18.39186819029807,0
97,2020-04-28,270,0,222,48,0,0,-3,97160127,97159857,18.39186819029807,0
98,2020-04-29,270,0,222,48,0,0,0,97160127,97159857,18.39186819029807,0
99,2020-04-30,270,0,219,51,0,0,-3,97160127,97159857,18.39186819029807,0
100,2020-05-01,270,0,219,51,0,0,0,97160127,97159857,18.39186819029807,0
101,2020-05-02,270,0,219,51,0,0,0,97160127,97159857,18.39186819029807,0
102,2020-05-03,271,0,219,52,1,0,0,97160127,97159856,18.39186818000575,1
103,2020-05-04,271,0,219,52,0,0,0,97160127,97159856,18.39186818000575,0
104,2020-05-05,271,0,232,39,0,0,13,97160127,97159856,18.39186818000575,0
105,2020-05-06,271,0,232,39,0,0,0,97160127,97159856,18.39186818000575,0
106,2020-05-07,288,0,233,55,17,0,1,97160127,97159839,18.391868005036354,17
107,2020-05-08,288,0,241,47,0,0,8,97160127,97159839,18.391868005036354,0
108,2020-05-09,288,0,241,47,0,0,0,97160127,97159839,18.391868005036354,0
109,2020-05-10,288,0,241,47,0,0,0,97160127,97159839,18.391868005036354,0
110,2020-05-11,288,0,249,39,0,0,8,97160127,97159839,18.391868005036354,0
111,2020-05-12,288,0,252,36,0,0,3,97160127,97159839,18.391868005036354,0
112,2020-05-13,288,0,252,36,0,0,0,97160127,97159839,18.391868005036354,0
113,2020-05-14,312,0,260,52,24,0,8,97160127,97159815,18.39186775802068,24
114,2020-05-15,314,0,260,54,2,0,0,97160127,97159813,18.39186773743604,2
115,2020-05-16,318,0,260,58,4,0,0,97160127,97159809,18.391867696266754,4
116,2020-05-17,320,0,260,60,2,0,0,97160127,97159807,18.39186767568211,2
117,2020-05-18,324,0,263,61,4,0,3,97160127,97159803,18.391867634512824,4
118,2020-05-19,324,0,263,61,0,0,0,97160127,97159803,18.391867634512824,0
119,2020-05-20,324,0,263,61,0,0,0,97160127,97159803,18.391867634512824,0
120,2020-05-21,324,0,266,58,0,0,3,97160127,97159803,18.391867634512824,0
121,2020-05-22,324,0,267,57,0,0,1,97160127,97159803,18.391867634512824,0
122,2020-05-23,325,0,267,58,1,0,0,97160127,97159802,18.3918676242205,1
123,2020-05-24,325,0,267,58,0,0,0,97160127,97159802,18.3918676242205,0
124,2020-05-25,326,0,272,54,1,0,5,97160127,97159801,18.391867613928177,1
125,2020-05-26,327,0,272,55,1,0,0,97160127,97159800,18.391867603635855,1
126,2020-05-27,327,0,278,49,0,0,6,97160127,97159800,18.391867603635855,0
127,2020-05-28,327,0,278,49,0,0,0,97160127,97159800,18.391867603635855,0
128,2020-05-29,328,0,279,49,1,0,1,97160127,97159799,18.391867593343534,1
129,2020-05-30,328,0,279,49,0,0,0,97160127,97159799,18.391867593343534,0
130,2020-05-31,328,0,279,49,0,0,0,97160127,97159799,18.391867593343534,0
131,2020-06-01,328,0,293,35,0,0,14,97160127,97159799,18.391867593343534,0
132,2020-06-02,328,0,298,30,0,0,5,97160127,97159799,18.391867593343534,0
133,2020-06-03,328,0,302,26,0,0,4,97160127,97159799,18.391867593343534,0
134,2020-06-04,328,0,302,26,0,0,0,97160127,97159799,18.391867593343534,0
135,2020-06-05,328,0,307,21,0,0,5,97160127,97159799,18.391867593343534,0
136,2020-06-06,329,0,307,22,1,0,0,97160127,97159798,18.39186758305121,1
137,2020-06-07,331,0,307,24,2,0,0,97160127,97159796,18.391867562466565,2
138,2020-06-08,332,0,316,16,1,0,9,97160127,97159795,18.39186755217424,1
139,2020-06-09,332,0,316,16,0,0,0,97160127,97159795,18.39186755217424,0
140,2020-06-10,332,0,320,12,0,0,4,97160127,97159795,18.39186755217424,0
141,2020-06-11,332,0,321,11,0,0,1,97160127,97159795,18.39186755217424,0
142,2020-06-12,333,0,323,10,1,0,2,97160127,97159794,18.39186754188192,1
143,2020-06-13,334,0,323,11,1,0,0,97160127,97159793,18.391867531589597,1
144,2020-06-14,334,0,323,11,0,0,0,97160127,97159793,18.391867531589597,0
145,2020-06-15,334,0,323,11,0,0,0,97160127,97159793,18.391867531589597,0
146,2020-06-16,334,0,325,9,0,0,2,97160127,97159793,18.391867531589597,0
147,2020-06-17,335,0,325,10,1,0,0,97160127,97159792,18.39186752129727,1
148,2020-06-18,342,0,325,17,7,0,0,97160127,97159785,18.391867449251006,7
149,2020-06-19,349,0,326,23,7,0,1,97160127,97159778,18.391867377204733,7
150,2020-06-20,349,0,327,22,0,0,1,97160127,97159778,18.391867377204733,0
151,2020-06-21,349,0,327,22,0,0,0,97160127,97159778,18.391867377204733,0
152,2020-06-22,349,0,328,21,0,0,1,97160127,97159778,18.391867377204733,0
153,2020-06-23,349,0,329,20,0,0,1,97160127,97159778,18.391867377204733,0
154,2020-06-24,352,0,329,23,3,0,0,97160127,97159775,18.391867346327757,3
155,2020-06-25,352,0,329,23,0,0,0,97160127,97159775,18.391867346327757,0
156,2020-06-26,353,0,330,23,1,0,1,97160127,97159774,18.391867336035432,1
157,2020-06-27,355,0,330,25,2,0,0,97160127,97159772,18.39186731545078,2
158,2020-06-28,355,0,330,25,0,0,0,97160127,97159772,18.39186731545078,0
159,2020-06-29,355,0,335,20,0,0,5,97160127,97159772,18.39186731545078,0
160,2020-06-30,355,0,335,20,0,0,0,97160127,97159772,18.39186731545078,0
161,2020-07-01,355,0,336,19,0,0,1,97160127,97159772,18.39186731545078,0
162,2020-07-02,355,0,340,15,0,0,4,97160127,97159772,18.39186731545078,0
163,2020-07-03,355,0,340,15,0,0,0,97160127,97159772,18.39186731545078,0
164,2020-07-04,355,0,340,15,0,0,0,97160127,97159772,18.39186731545078,0
165,2020-07-05,355,0,340,15,0,0,0,97160127,97159772,18.39186731545078,0
166,2020-07-06,369,0,341,28,14,0,1,97160127,97159758,18.391867171358214,14
167,2020-07-07,369,0,342,27,0,0,1,97160127,97159758,18.391867171358214,0
168,2020-07-08,369,0,347,22,0,0,5,97160127,97159758,18.391867171358214,0
169,2020-07-09,369,0,347,22,0,0,0,97160127,97159758,18.391867171358214,0
170,2020-07-10,370,0,350,20,1,0,3,97160127,97159757,18.39186716106589,1
171,2020-07-11,370,0,350,20,0,0,0,97160127,97159757,18.39186716106589,0
172,2020-07-12,372,0,350,22,2,0,0,97160127,97159755,18.391867140481235,2
173,2020-07-13,373,0,352,21,1,0,2,97160127,97159754,18.391867130188906,1
174,2020-07-14,373,0,352,21,0,0,0,97160127,97159754,18.391867130188906,0
175,2020-07-15,381,0,353,28,8,0,1,97160127,97159746,18.391867047850283,8
176,2020-07-16,381,0,356,25,0,0,3,97160127,97159746,18.391867047850283,0
177,2020-07-17,382,0,356,26,1,0,0,97160127,97159745,18.391867037557954,1
178,2020-07-18,382,0,357,25,0,0,1,97160127,97159745,18.391867037557954,0
