,Date,Confirmed,Deaths,Recovered,Active,New cases,New deaths,New recovered,Population,Susceptiple,Log susceptiple,Decresed susceptiple
0,2020-01-22,0,0,0,0,0,0,0,46751175,46751175,17.660349947072962,0
1,2020-01-23,0,0,0,0,0,0,0,46751175,46751175,17.660349947072962,0
2,2020-01-24,0,0,0,0,0,0,0,46751175,46751175,17.660349947072962,0
3,2020-01-25,0,0,0,0,0,0,0,46751175,46751175,17.660349947072962,0
4,2020-01-26,0,0,0,0,0,0,0,46751175,46751175,17.660349947072962,0
5,2020-01-27,0,0,0,0,0,0,0,46751175,46751175,17.660349947072962,0
6,2020-01-28,0,0,0,0,0,0,0,46751175,46751175,17.660349947072962,0
7,2020-01-29,0,0,0,0,0,0,0,46751175,46751175,17.660349947072962,0
8,2020-01-30,0,0,0,0,0,0,0,46751175,46751175,17.660349947072962,0
9,2020-01-31,0,0,0,0,0,0,0,46751175,46751175,17.660349947072962,0
10,2020-02-01,1,0,0,1,1,0,0,46751175,46751174,17.66034992568313,1
11,2020-02-02,1,0,0,1,0,0,0,46751175,46751174,17.66034992568313,0
12,2020-02-03,1,0,0,1,0,0,0,46751175,46751174,17.66034992568313,0
13,2020-02-04,1,0,0,1,0,0,0,46751175,46751174,17.66034992568313,0
14,2020-02-05,1,0,0,1,0,0,0,46751175,46751174,17.66034992568313,0
15,2020-02-06,1,0,0,1,0,0,0,46751175,46751174,17.66034992568313,0
16,2020-02-07,1,0,0,1,0,0,0,46751175,46751174,17.66034992568313,0
17,2020-02-08,1,0,0,1,0,0,0,46751175,46751174,17.66034992568313,0
18,2020-02-09,2,0,0,2,1,0,0,46751175,46751173,17.66034990429329,1
19,2020-02-10,2,0,0,2,0,0,0,46751175,46751173,17.66034990429329,0
20,2020-02-11,2,0,0,2,0,0,0,46751175,46751173,17.66034990429329,0
21,2020-02-12,2,0,0,2,0,0,0,46751175,46751173,17.66034990429329,0
22,2020-02-13,2,0,0,2,0,0,0,46751175,46751173,17.66034990429329,0
23,2020-02-14,2,0,0,2,0,0,0,46751175,46751173,17.66034990429329,0
24,2020-02-15,2,0,2,0,0,0,2,46751175,46751173,17.66034990429329,0
25,2020-02-16,2,0,2,0,0,0,0,46751175,46751173,17.66034990429329,0
26,2020-02-17,2,0,2,0,0,0,0,46751175,46751173,17.66034990429329,0
27,2020-02-18,2,0,2,0,0,0,0,46751175,46751173,17.66034990429329,0
28,2020-02-19,2,0,2,0,0,0,0,46751175,46751173,17.66034990429329,0
29,2020-02-20,2,0,2,0,0,0,0,46751175,46751173,17.66034990429329,0
30,2020-02-21,2,0,2,0,0,0,0,46751175,46751173,17.66034990429329,0
31,2020-02-22,2,0,2,0,0,0,0,46751175,46751173,17.66034990429329,0
32,2020-02-23,2,0,2,0,0,0,0,46751175,46751173,17.66034990429329,0
33,2020-02-24,2,0,2,0,0,0,0,46751175,46751173,17.66034990429329,0
34,2020-02-25,6,0,2,4,4,0,0,46751175,46751169,17.660349818733934,4
35,2020-02-26,13,0,2,11,7,0,0,46751175,46751162,17.660349669005047,7
36,2020-02-27,15,0,2,13,2,0,0,46751175,46751160,17.66034962622536,2
37,2020-02-28,32,0,2,30,17,0,0,46751175,46751143,17.660349262597954,17
38,2020-02-29,45,0,2,43,13,0,0,46751175,46751130,17.660348984529847,13
39,2020-03-01,84,0,2,82,39,0,0,46751175,46751091,17.660348150325063,39
40,2020-03-02,120,0,2,118,36,0,0,46751175,46751055,17.660347380289263,36
41,2020-03-03,165,1,2,162,45,1,0,46751175,46751010,17.660346417743675,45
42,2020-03-04,222,2,2,218,57,1,0,46751175,46750953,17.660345198517938,57
43,2020-03-05,259,3,2,254,37,1,0,46751175,46750916,17.660344407089905,37
44,2020-03-06,400,5,2,393,141,2,0,46751175,46750775,17.66034139110167,141
45,2020-03-07,500,10,30,460,100,5,28,46751175,46750675,17.66033925209741,100
46,2020-03-08,673,17,30,626,173,7,0,46751175,46750502,17.660335551609233,173
47,2020-03-09,1073,28,32,1013,400,11,2,46751175,46750102,17.660326995514772,400
48,2020-03-10,1695,35,32,1628,622,7,0,46751175,46749480,17.660313690642457,622
49,2020-03-11,2277,54,183,2040,582,19,151,46751175,46748898,17.660301241228627,582
50,2020-03-12,2277,55,183,2039,0,1,0,46751175,46748898,17.660301241228627,0
51,2020-03-13,5232,133,193,4906,2955,78,10,46751175,46745943,17.66023802918464,2955
52,2020-03-14,6391,195,517,5679,1159,62,324,46751175,46744784,17.660213235281816,1159
53,2020-03-15,7798,289,517,6992,1407,94,0,46751175,46743377,17.66018313521385,1407
54,2020-03-16,9942,342,530,9070,2144,53,13,46751175,46741233,17.660137266701366,2144
55,2020-03-17,11748,533,1028,10187,1806,191,498,46751175,46739427,17.660098627693035,1806
56,2020-03-18,13910,623,1081,12206,2162,90,53,46751175,46737265,17.66005237017249,2162
57,2020-03-19,17963,830,1107,16026,4053,207,26,46751175,46733212,17.65996564760227,4053
58,2020-03-20,20410,1043,1588,17779,2447,213,481,46751175,46730765,17.65991328518246,2447
59,2020-03-21,25374,1375,2125,21874,4964,332,537,46751175,46725801,17.659807054016106,4964
60,2020-03-22,28768,1772,2575,24421,3394,397,450,46751175,46722407,17.659734414848934,3394
61,2020-03-23,35136,2311,2575,30250,6368,539,0,46751175,46716039,17.659598111211995,6368
62,2020-03-24,39885,2808,3794,33283,4749,497,1219,46751175,46711290,17.659496449309533,4749
63,2020-03-25,49515,3647,5367,40501,9630,839,1573,46751175,46701660,17.659290268045925,9630
64,2020-03-26,57786,4365,7015,46406,8271,718,1648,46751175,46693389,17.65911314944895,8271
65,2020-03-27,65719,5138,9357,51224,7933,773,2342,46751175,46685456,17.658943239443765,7933
66,2020-03-28,73235,5982,12285,54968,7516,844,2928,46751175,46677940,17.65878223416036,7516
67,2020-03-29,80110,6803,14709,58598,6875,821,2424,46751175,46671065,17.658634937464218,6875
68,2020-03-30,87956,7716,16780,63460,7846,913,2071,46751175,46663219,17.658466810604885,7846
69,2020-03-31,95923,8464,19259,68200,7967,748,2479,46751175,46655252,17.65829606198601,7967
70,2020-04-01,104118,9387,22647,72084,8195,923,3388,46751175,46647057,17.65812039645085,8195
71,2020-04-02,112065,10348,26743,74974,7947,961,4096,46751175,46639110,17.65795001749168,7947
72,2020-04-03,119199,11198,30513,77488,7134,850,3770,46751175,46631976,17.657797044039352,7134
73,2020-04-04,126168,11947,34219,80002,6969,749,3706,46751175,46625007,17.65764758606229,6969
74,2020-04-05,131646,12641,38080,80925,5478,694,3861,46751175,46619529,17.657530088560748,5478
75,2020-04-06,136675,13341,40437,82897,5029,700,2357,46751175,46614500,17.6574222094943,5029
76,2020-04-07,141942,14045,43208,84689,5267,704,2771,46751175,46609233,17.657309212517326,5267
77,2020-04-08,148220,14792,48021,85407,6278,747,4813,46751175,46602955,17.657174509102585,6278
78,2020-04-09,153222,15447,52165,85610,5002,655,4144,46751175,46597953,17.65706717109243,5002
79,2020-04-10,158273,16081,55668,86524,5051,634,3503,46751175,46592902,17.656958769897805,5051
80,2020-04-11,163027,16606,59109,87312,4754,525,3441,46751175,46588148,17.656856731983353,4754
81,2020-04-12,166831,17209,62391,87231,3804,603,3282,46751175,46584344,17.656775076981532,3804
82,2020-04-13,170099,17756,64727,87616,3268,547,2336,46751175,46581076,17.656704922196603,3268
83,2020-04-14,172541,18056,67504,86981,2442,300,2777,46751175,46578634,17.656652496099518,2442
84,2020-04-15,177644,18708,70853,88083,5103,652,3349,46751175,46573531,17.65654293342848,5103
85,2020-04-16,184948,19315,74797,90836,7304,607,3944,46751175,46566227,17.656386093853808,7304
86,2020-04-17,190839,20002,74797,96040,5891,687,0,46751175,46560336,17.656259577856265,5891
87,2020-04-18,191726,20043,74797,96886,887,41,0,46751175,46559449,17.656240527124993,887
88,2020-04-19,198674,20453,77357,100864,6948,410,2560,46751175,46552501,17.656091287419176,6948
89,2020-04-20,200210,20852,80587,98771,1536,399,3230,46751175,46550965,17.6560582918699,1536
90,2020-04-21,204178,21282,82514,100382,3968,430,1927,46751175,46546997,17.655973048328214,3968
91,2020-04-22,208389,21717,85915,100757,4211,435,3401,46751175,46542786,17.65588257653062,4211
92,2020-04-23,213024,22157,89250,101617,4635,440,3335,46751175,46538151,17.655782985784043,4635
93,2020-04-24,202990,22524,92355,88111,0,367,3105,46751175,46548185,17.65599857059423,-10034
94,2020-04-25,205905,22902,95708,87295,2915,378,3353,46751175,46545270,17.6559359453538,2915
95,2020-04-26,207634,23190,98372,86072,1729,288,2664,46751175,46543541,17.655898798032194,1729
96,2020-04-27,209465,23521,100875,85069,1831,331,2503,46751175,46541710,17.65585945775045,1831
97,2020-04-28,210773,23822,102548,84403,1308,301,1673,46751175,46540402,17.6558313535321,1308
98,2020-04-29,212917,24275,108947,79695,2144,453,6399,46751175,46538258,17.655785284970296,2144
99,2020-04-30,213435,24543,112050,76842,518,268,3103,46751175,46537740,17.655774154281158,518
100,2020-05-01,215216,24543,112050,78623,1781,0,0,46751175,46535959,17.65573588353401,1781
101,2020-05-02,216582,25100,117248,74234,1366,557,5198,46751175,46534593,17.65570652945862,1366
102,2020-05-03,217466,25264,118902,73300,884,164,1654,46751175,46533709,17.65568753265775,884
103,2020-05-04,218011,25428,121343,71240,545,164,2441,46751175,46533164,17.655675820649336,545
104,2020-05-05,219329,25613,123486,70230,1318,185,2143,46751175,46531846,17.6556474963629,1318
105,2020-05-06,220325,25857,126002,68466,996,244,2516,46751175,46530850,17.6556260914382,996
106,2020-05-07,221447,26070,128511,66866,1122,213,2509,46751175,46529728,17.65560197811279,1122
107,2020-05-08,222857,26299,131148,65410,1410,229,2637,46751175,46528318,17.655571674446197,1410
108,2020-05-09,223578,26478,133952,63148,721,179,2804,46751175,46527597,17.65555617838665,721
109,2020-05-10,224350,26621,136166,61563,772,143,2214,46751175,46526825,17.65553958594572,772
110,2020-05-11,227436,26744,137139,63553,3086,123,973,46751175,46523739,17.655473256417594,3086
111,2020-05-12,228030,26920,138980,62130,594,176,1841,46751175,46523145,17.65546048866064,594
112,2020-05-13,228691,27104,140823,60764,661,184,1843,46751175,46522484,17.655446280577852,661
113,2020-05-14,229540,27321,143374,58845,849,217,2551,46751175,46521635,17.655428031170814,849
114,2020-05-15,230183,27459,144783,57941,643,138,1409,46751175,46520992,17.655414209549033,643
115,2020-05-16,230698,27563,146446,56689,515,104,1663,46751175,46520477,17.65540313921651,515
116,2020-05-17,230698,27563,146446,56689,0,0,0,46751175,46520477,17.65540313921651,0
117,2020-05-18,231606,27709,150376,53521,908,146,3930,46751175,46519569,17.65538362073949,908
118,2020-05-19,232037,27778,150376,53883,431,69,0,46751175,46519138,17.655374355778402,431
119,2020-05-20,232555,27888,150376,54291,518,110,0,46751175,46518620,17.65536322051437,518
120,2020-05-21,233037,27940,150376,54721,482,52,0,46751175,46518138,17.65535285901833,482
121,2020-05-22,234824,28628,150376,55820,1787,688,0,46751175,46516351,17.655314443157298,1787
122,2020-05-23,235290,28678,150376,56236,466,50,0,46751175,46515885,17.65530442512441,466
123,2020-05-24,235772,28752,150376,56644,482,74,0,46751175,46515403,17.655294063019134,482
124,2020-05-25,235400,26834,150376,58190,0,-1918,0,46751175,46515775,17.655302060338055,-372
125,2020-05-26,236259,27117,150376,58766,859,283,0,46751175,46514916,17.655283593314092,859
126,2020-05-27,236259,27117,150376,58766,0,0,0,46751175,46514916,17.655283593314092,0
127,2020-05-28,237906,27119,150376,60411,1647,2,0,46751175,46513269,17.655248184690347,1647
128,2020-05-29,238564,27121,150376,61067,658,2,0,46751175,46512611,17.65523403808942,658
129,2020-05-30,239228,27125,150376,61727,664,4,0,46751175,46511947,17.65521976228926,664
130,2020-05-31,239479,27127,150376,61976,251,2,0,46751175,46511696,17.655214365811723,251
131,2020-06-01,239638,27127,150376,62135,159,0,0,46751175,46511537,17.655210947310884,159
132,2020-06-02,239932,27127,150376,62429,294,0,0,46751175,46511243,17.65520462627855,294
133,2020-06-03,240326,27128,150376,62822,394,1,0,46751175,46510849,17.65519615517257,394
134,2020-06-04,240660,27133,150376,63151,334,5,0,46751175,46510515,17.655188974026526,334
135,2020-06-05,240978,27134,150376,63468,318,1,0,46751175,46510197,17.655182136839557,318
136,2020-06-06,241310,27135,150376,63799,332,1,0,46751175,46509865,17.655174998594475,332
137,2020-06-07,241550,27136,150376,64038,240,1,0,46751175,46509625,17.65516983838558,240
138,2020-06-08,241717,27136,150376,64205,167,0,0,46751175,46509458,17.65516624772451,167
139,2020-06-09,241966,27136,150376,64454,249,0,0,46751175,46509209,17.65516089396041,249
140,2020-06-10,242280,27136,150376,64768,314,0,0,46751175,46508895,17.655154142586504,314
141,2020-06-11,242707,27136,150376,65195,427,0,0,46751175,46508468,17.655144961504902,427
142,2020-06-12,243209,27136,150376,65697,502,0,0,46751175,46507966,17.655134167713346,502
143,2020-06-13,243605,27136,150376,66093,396,0,0,46751175,46507570,17.655125653006728,396
144,2020-06-14,243928,27136,150376,66416,323,0,0,46751175,46507247,17.655118707876685,323
145,2020-06-15,244109,27136,150376,66597,181,0,0,46751175,46507066,17.655114816002538,181
146,2020-06-16,244328,27136,150376,66816,219,0,0,46751175,46506847,17.655110107029593,219
147,2020-06-17,244683,27136,150376,67171,355,0,0,46751175,46506492,17.655102473715836,355
148,2020-06-18,245268,27136,150376,67756,585,0,0,46751175,46505907,17.655089894747736,585
149,2020-06-19,245575,28315,150376,66884,307,1179,0,46751175,46505600,17.655083293413988,307
150,2020-06-20,245938,28322,150376,67240,363,7,0,46751175,46505237,17.65507548787193,363
151,2020-06-21,246272,28323,150376,67573,334,1,0,46751175,46504903,17.655068305859302,334
152,2020-06-22,246504,28324,150376,67804,232,1,0,46751175,46504671,17.655063317125563,232
153,2020-06-23,246752,28325,150376,68051,248,1,0,46751175,46504423,17.655057984313697,248
154,2020-06-24,247086,28327,150376,68383,334,2,0,46751175,46504089,17.655050802175356,334
155,2020-06-25,247486,28330,150376,68780,400,3,0,46751175,46503689,17.655042200744195,400
156,2020-06-26,247905,28338,150376,69191,419,8,0,46751175,46503270,17.655033190665712,419
157,2020-06-27,248469,28341,150376,69752,564,3,0,46751175,46502706,17.655021062412793,564
158,2020-06-28,248770,28343,150376,70051,301,2,0,46751175,46502405,17.655014589650236,301
159,2020-06-29,248970,28346,150376,70248,200,3,0,46751175,46502205,17.655010288788162,200
160,2020-06-30,249271,28355,150376,70540,301,9,0,46751175,46501904,17.65500381595587,301
161,2020-07-01,249659,28364,150376,70919,388,9,0,46751175,46501516,17.654995472176683,388
162,2020-07-02,250103,28368,150376,71359,444,4,0,46751175,46501072,17.654985924055293,444
163,2020-07-03,250545,28385,150376,71784,442,17,0,46751175,46500630,17.654976418852904,442
164,2020-07-04,250545,28385,150376,71784,0,0,0,46751175,46500630,17.654976418852904,0
165,2020-07-05,250545,28385,150376,71784,0,0,0,46751175,46500630,17.654976418852904,0
166,2020-07-06,251789,28388,150376,73025,1244,3,0,46751175,46499386,17.654949666169333,1244
167,2020-07-07,252130,28392,150376,73362,341,4,0,46751175,46499045,17.654942332712277,341
168,2020-07-08,252513,28396,150376,73741,383,4,0,46751175,46498662,17.65493409595005,383
169,2020-07-09,253056,28401,150376,74279,543,5,0,46751175,46498119,17.654922418126493,543
170,2020-07-10,253908,28403,150376,75129,852,2,0,46751175,46497267,17.654904094636766,852
171,2020-07-11,253908,28403,150376,75129,0,0,0,46751175,46497267,17.654904094636766,0
172,2020-07-12,253908,28403,150376,75129,0,0,0,46751175,46497267,17.654904094636766,0
173,2020-07-13,255953,28406,150376,77171,2045,3,0,46751175,46495222,17.654860112589994,2045
174,2020-07-14,256619,28409,150376,77834,666,3,0,46751175,46494556,17.654845788434923,666
175,2020-07-15,257494,28413,150376,78705,875,4,0,46751175,46493681,17.654826968850248,875
176,2020-07-16,258855,28416,150376,80063,1361,3,0,46751175,46492320,17.654797695626634,1361
177,2020-07-17,260255,28420,150376,81459,1400,4,0,46751175,46490920,17.654767582672942,1400
178,2020-07-18,260255,28420,150376,81459,0,0,0,46751175,46490920,17.654767582672942,0
